sample	Eukaryota	Bacteria	Viruses	Archaea	cohort	status
A1	0.00284484156048726	0.995607978796085	0	0.00154717964342729	FinlandFarm	domestic
A2	0.000434220866576981	0.995063068582921	0.00100496823261452	0.00349774231788697	FinlandFarm	domestic
A3	0.000515330746143952	0.998416903947846	0	0.00106776530601027	FinlandFarm	domestic
A4	0.000608718297779133	0.997882857384816	0	0.00150842431740457	FinlandFarm	domestic
ASTUR3	0.0100250752677351	0.987999094271266	0.000258300416802945	0.00171753004419621	SpainRanch	domestic
ASTUR4	0.0061421236463269	0.992019956712652	7.54792460378113e-06	0.00183037171641692	SpainRanch	domestic
ASTUR6	0.00398912883590286	0.921968577292436	5.60369283357733e-05	0.0739862569433257	SpainRanch	domestic
ASTUR_1	0.0114876669203626	0.985850688438387	7.20726954034918e-06	0.0026544373717106	SpainStable	domestic
ASTUR2	0.00654320948686466	0.877241435907795	5.68151330263212e-05	0.116158539472314	SpainStable	domestic
ASTUR_5	0.00175754493731831	0.997692827138264	0.000239844823955085	0.00030978310046258	SpainStable	domestic
HF_1	0.00187565967421338	0.996981465255477	0	0.00114287507030923	FinlandRacing	domestic
HF_2	0.00220081716440006	0.993285698307114	1.31588470218239e-05	0.00450032568146379	FinlandRacing	domestic
HF_3	0.0113948011883302	0.939869326161582	6.10625413167739e-05	0.048674810108771	FinlandRacing	domestic
HF_4	0.00167299447133139	0.814705833771836	4.71930739444679e-05	0.183573978682888	FinlandRacing	domestic
HF_5	0.00157238359254405	0.961563636939074	0	0.0368639794683819	FinlandRacing	domestic
HF_6	0.000758126960689628	0.734220385140712	0	0.265021487898599	FinlandRacing	domestic
D10	0.00167082918536889	0.928274272141398	6.40387492650098e-05	0.0699908599239685	ArgentinianCTL	domestic
D11	0.00990675537478662	0.945527913116851	3.4023789433572e-05	0.0445313077189285	ArgentinianCTL	domestic
D12	0.0120356031188363	0.709209735576923	9.63079388560158e-06	0.278745030510355	ArgentinianCTL	domestic
D13	0.00839238496278893	0.9834356790122	5.89435662508002e-05	0.00811299245876013	ArgentinianCTL	domestic
D1	0.0128638174142922	0.86288040030783	0.000647215844874276	0.123608566433003	ArgentinianCTL	domestic
D3	0.0026954518905766	0.993149967633492	5.62284618633972e-06	0.00414895762974542	ArgentinianCTL	domestic
D4	0.0105968995473488	0.916522316120033	0.000409510273890107	0.0724712740587286	ArgentinianCTL	domestic
D6	0.0148339215047146	0.904317323069066	0.000710747944538126	0.0801380074816812	ArgentinianCTL	domestic
D9	0.0109212896813071	0.917695843946077	0.000593278250605703	0.0707895881220103	ArgentinianCTL	domestic
DA	0.0124840421199323	0.941683071461464	0.000261293904835792	0.0455715925137683	ArgentinianCTL	domestic
D8	0.0103024934255652	0.979808779057336	0.000167542795150701	0.00972118472194838	ArgentinianCTL	domestic
DC	0.00597471262426203	0.993150279985473	0.000231420873487107	0.000643586516778013	ArgentinianCTL	domestic
DD	0.00468819144410406	0.986172721267458	0.000865808269430982	0.00827327901900716	ArgentinianCTL	domestic
ASTUR_7	0.0632814714759785	0.934954224823653	0.000167870106336263	0.00159643359403227	SpainWild	wild
ASTUR_8	0.0393947676388162	0.951574096886453	0.000223276154106741	0.00880785932062456	SpainWild	wild
ASTUR_9	0.0335340877285811	0.965225838479878	0.000575091881909019	0.000664981909631921	SpainWild	wild
J1	0.041795022744021	0.957047150669875	0.000438030408329639	0.000719796177773925	Japan	wild
J10	0.0557967486147084	0.942990600567632	9.25687647068625e-06	0.00120339394118921	Japan	wild
J11	0.0267717788146356	0.972815123860622	3.23675194685144e-05	0.000380729805273711	Japan	wild
J2	0.0479888100709362	0.950814267159556	4.39604356079528e-05	0.00115296233389949	Japan	wild
J3	0.0504023508384817	0.948055342866391	0.000800618606258548	0.000741687688868329	Japan	wild
J4	0.12172691276025	0.854668939200409	4.59030527525865e-05	0.0235582449865883	Japan	wild
J5	0.034038401045691	0.958549531363094	0.000324487919887368	0.00708757967132809	Japan	wild
J6	0.0386734685252676	0.960512029654013	4.07250910359464e-05	0.000773776729682982	Japan	wild
J7	0.0236479936966366	0.975431468181744	0.000192049114744415	0.000728489006875099	Japan	wild
J8	0.0769645786288305	0.922062976160952	3.04568969643176e-05	0.000941988313253536	Japan	wild
J9	0.0218358629704696	0.976987344112074	0.000207960599718758	0.000968832317737389	Japan	wild
S1	0.0156723286926547	0.97856817802744	2.05916813725591e-06	0.00575743411176753	Siberian	wild
S2	0.022232312214204	0.971419052890066	5.37336851098585e-06	0.0063432615272188	Siberian	wild
S3	0.00284833178485281	0.968934427302111	0	0.0282172409130365	Siberian	wild
W13	0.0067006878189483	0.991284668293765	0.000168626580874196	0.00184601730641225	ArgentinianWild	wild
W16	0.054951903966929	0.923974878766198	0.0131170999284522	0.00795611733842118	ArgentinianWild	wild
W10	0.0196666358424265	0.977748751618273	0.000641529498797855	0.00194308304050305	ArgentinianWild	wild
W11	0.0332694047925647	0.959902696327821	0.00203273056846792	0.00479516831114658	ArgentinianWild	wild
W12	0.0252683911355382	0.971899177294937	0.00054238860033714	0.00229004296918799	ArgentinianWild	wild
W14	0.0247515090436159	0.970887257319882	7.80692758364945e-05	0.00428316436066586	ArgentinianWild	wild
W15	0.0182251429449245	0.977586092945907	1.60762801631207e-05	0.00417268782900554	ArgentinianWild	wild
W1	0.050993481095176	0.876641460234681	5.56279878313777e-05	0.072309430682312	ArgentinianWild	wild
W2	0.00913715350850821	0.938185316577476	6.97492634237268e-05	0.0526077806505923	ArgentinianWild	wild
W3	0.0153041036441381	0.972766609228413	0.00546046333524794	0.00646882379220116	ArgentinianWild	wild
W4	0.151198192461027	0.680641943860445	0.000127946774141957	0.168031916904386	ArgentinianWild	wild
W5	0.0511043493623115	0.945753254222125	0.000888027695187548	0.00225436872037558	ArgentinianWild	wild
W6	0.0244513984722735	0.954158487045424	0.000398452836789831	0.020991661645513	ArgentinianWild	wild
W7	0.0407848428390796	0.950935681623788	0.00138360812404136	0.00689586741309073	ArgentinianWild	wild
W8	0.0360471400263575	0.511880494805035	0.000147634262526225	0.451924730906082	ArgentinianWild	wild
W9	0.0232508925849921	0.965197436499786	0.000469832665795599	0.0110818382494268	ArgentinianWild	wild
