"A1"	"A2"	"A3"	"A4"	"ASTUR3"	"ASTUR4"	"ASTUR6"	"ASTUR_1"	"ASTUR2"	"ASTUR_5"	"HF_1"	"HF_2"	"HF_3"	"HF_4"	"HF_5"	"HF_6"	"D10"	"D11"	"D12"	"D13"	"D1"	"D3"	"D4"	"D6"	"D9"	"DA"	"D8"	"DC"	"DD"	"ASTUR_7"	"ASTUR_8"	"ASTUR_9"	"J1"	"J10"	"J11"	"J2"	"J3"	"J4"	"J5"	"J6"	"J7"	"J8"	"J9"	"S1"	"S2"	"S3"	"W13"	"W16"	"W10"	"W11"	"W12"	"W14"	"W15"	"W1"	"W2"	"W3"	"W4"	"W5"	"W6"	"W7"	"W8"	"W9"
"A1"	0	0.0734668900960458	0.0850954490403519	0.0797756561766297	0.100969603995358	0.104289427188051	0.141738102303601	0.107504708051721	0.150564375712881	0.123250871481496	0.10416459030036	0.111601102030499	0.130565054090194	0.125097284150664	0.127218671216174	0.101997768429021	0.115981253585983	0.111978325140383	0.117186612884421	0.110055534282348	0.11627748829719	0.117653356719481	0.10247861797484	0.123089233185483	0.113086355583465	0.109896275018163	0.106945418546003	0.115642426114089	0.109782290526983	0.115118734148079	0.109239115657408	0.104174252686244	0.0978561138788388	0.103892094551537	0.0927397867512009	0.112947815236018	0.0999819392085477	0.134154507260292	0.103875019188795	0.0937086947013839	0.11464623391058	0.10804663274952	0.104081023561395	0.107605718655274	0.112172799800965	0.106517642558824	0.109348635118453	0.1126406647567	0.0972363419417964	0.0942372509035136	0.104754401050391	0.108995673510936	0.100183486145492	0.117829561416499	0.118567622288481	0.111411810974544	0.140448584536283	0.0975191496517121	0.114889226569231	0.10001524672554	0.128435563184889	0.095172797977055
"A2"	0.0734668900960458	0	0.0342876207852749	0.0354157141629571	0.0936219687971004	0.0985952242125995	0.132406412991014	0.0974643318705812	0.14188662993011	0.114566414710195	0.0995828583530634	0.106129839847209	0.122018466053772	0.121606744485525	0.122686153984229	0.0908980960578421	0.105382835264417	0.103609045389292	0.111616904007187	0.101606132814233	0.108966612882348	0.109997126560096	0.0864428585020429	0.117943954225571	0.0999535781570171	0.106571520003994	0.0919406340410431	0.10674830683947	0.0996895718511094	0.109878860664694	0.101507067233521	0.100102797884096	0.0845949978531117	0.0969430183569361	0.081078803638781	0.104944838348194	0.0847667035619628	0.129706659557836	0.0893029313207967	0.0804095128714457	0.104386057610666	0.103899301668368	0.0899956595038413	0.103307492636031	0.106783544139253	0.103140193168996	0.0981819972025926	0.106209376554239	0.0811450126063417	0.0796851673431858	0.0977207672222634	0.101427820573454	0.0905478723961016	0.107702983565623	0.105248582119331	0.103493615642464	0.126727655427265	0.0894878003316773	0.10652211081407	0.0885799437744444	0.113973739888301	0.0862821977988389
"A3"	0.0850954490403519	0.0342876207852749	0	0.0247572445962938	0.103664703873634	0.105320569645833	0.143294942921238	0.105907768277392	0.154971229775952	0.12752664345762	0.108977515509674	0.115402287500109	0.131228036187766	0.133130834007621	0.134335618064501	0.102018084271426	0.115567022848139	0.115947778422675	0.121208480710056	0.110044200314588	0.117297346920521	0.115935965469167	0.107301729791641	0.132271939554841	0.116257412421476	0.12197283338491	0.110053714183588	0.11380100294953	0.105425482645411	0.118997650809008	0.108254996660864	0.109072215625391	0.0955831990994108	0.105949080261226	0.0882543434385586	0.115230691993844	0.10397416023811	0.141683929156828	0.102111270092528	0.0906518533272974	0.116286844380414	0.112779014320815	0.0994418493717736	0.112771411339905	0.115523517512775	0.112510065418948	0.0984558279193127	0.112695986035331	0.0939070157271406	0.103239636117082	0.113902885194373	0.109534687931818	0.0971763088790569	0.113132939627638	0.109062983746313	0.109112514485156	0.134312822741751	0.103472179340382	0.116725963757029	0.108175060122907	0.122471035219693	0.10166051594377
"A4"	0.0797756561766297	0.0354157141629571	0.0247572445962938	0	0.0998446780556763	0.102595799230504	0.141860621802195	0.102136680686712	0.152797791173955	0.123644557197048	0.104951515354448	0.110193097017571	0.128505626982186	0.127038726934304	0.129339668288473	0.0961488569759496	0.112644840525026	0.112423190618222	0.116881132546154	0.106604939465673	0.114753403760395	0.11580641307344	0.103069458599541	0.129313518436705	0.113049170324962	0.119034231730063	0.107437293027194	0.11048794535658	0.103738706107364	0.115016724066248	0.106593812199765	0.104947563267969	0.0924540971375189	0.101889461137064	0.0829989465495988	0.111955796502123	0.101496468951355	0.137702191071755	0.0993103591025497	0.0876214650685749	0.113600718561892	0.108773455895936	0.0939687009909001	0.109653642692701	0.111452966426691	0.107209212524086	0.0992123577666434	0.111235741848305	0.0904461020437907	0.10076491418195	0.111370098473646	0.10525980731203	0.0950855856185236	0.112230738555454	0.108372286742433	0.106933332746719	0.130528660047262	0.100673795371789	0.110662742679002	0.105616685291212	0.118228600091429	0.0983259597627929
"ASTUR3"	0.100969603995358	0.0936219687971004	0.103664703873634	0.0998446780556763	0	0.0413115419910183	0.105770571257386	0.0656641731587765	0.117526797968368	0.0955095977437021	0.0744554667255557	0.0948983333379676	0.113627926600075	0.104819852262654	0.110073531587461	0.0793761570089438	0.106178423064458	0.104059515327918	0.10718165113339	0.0972586239316838	0.107921486751253	0.109402957306545	0.09397755773967	0.10701002151158	0.104577805972659	0.0986262756406987	0.0999664249444517	0.0986360807840365	0.0943495934468292	0.0897829373671993	0.0776002777902454	0.0755264744375247	0.0925094339113568	0.0900236824558759	0.0814251152658204	0.0937947462938915	0.0931018574874375	0.120245219128694	0.0992951835495774	0.0849797352409413	0.111169759600809	0.0809514147048632	0.0838501753378727	0.0927043043717317	0.0951626745161465	0.0929214298060953	0.0880100757428885	0.0975794580610298	0.0877308339331331	0.0926591558274596	0.10332287358195	0.0901918230324431	0.0819783001369261	0.0994923535865682	0.0997169317644476	0.0924643112259287	0.123574321874848	0.0931052803458095	0.0919895616698305	0.0957621961328533	0.104863121496893	0.0887188831513423
"ASTUR4"	0.104289427188051	0.0985952242125995	0.105320569645833	0.102595799230504	0.0413115419910183	0	0.11508875261779	0.0649020083960662	0.129090033432475	0.103560866392532	0.0782701988600799	0.0908628313890871	0.111419968691611	0.106796923849092	0.115807134120217	0.0880832927437261	0.105469942181077	0.1094887430103	0.111590030585197	0.0964273311563655	0.109986789333629	0.109502826640725	0.100954668668991	0.120271697717117	0.10975867944969	0.112623660324616	0.10550423107018	0.09005838671302	0.0922641593480219	0.0907938719634996	0.0690982342970952	0.0772420355845331	0.106049513339549	0.0898640783098703	0.0880797656384553	0.0985729026487614	0.108205170206928	0.125807879054422	0.112229388048289	0.098524226369521	0.124920887514485	0.0771589472362972	0.082742982894988	0.0950457179692482	0.095760816177391	0.0928342362116107	0.0801278198369881	0.0979629637863608	0.10030775479508	0.106548173036895	0.116880745092032	0.0911541323979946	0.0802850709285738	0.0969490383637751	0.0916928029773546	0.0857113072534589	0.122140949398402	0.106185558802627	0.0935352944187076	0.110393647863166	0.102161164467943	0.101179387548454
"ASTUR6"	0.141738102303601	0.132406412991014	0.143294942921238	0.141860621802195	0.105770571257386	0.11508875261779	0	0.115630321761036	0.0398714159821086	0.150056089220819	0.131539920053076	0.143963294118057	0.0872160830456876	0.0794209514498586	0.136800997976558	0.136952022172447	0.148469825244049	0.146457742425236	0.14997646946861	0.141357256762593	0.150123812182358	0.147600426316475	0.136852562173425	0.157229769248819	0.146364417340032	0.146661939766879	0.141381454040414	0.145584265652754	0.140883725657269	0.142609145212059	0.116698959627559	0.132133463254866	0.133771958049623	0.140274316168138	0.125863666456003	0.142153497987111	0.134850034963477	0.160274714339431	0.140246918062831	0.125951351020699	0.152157248475352	0.134509055235421	0.135541591146696	0.140417529863759	0.148956270691779	0.145504850314136	0.140428915939086	0.150377938463727	0.131471581826543	0.1317084998712	0.14245601314117	0.141940860177423	0.13504158269556	0.147985365683715	0.150601177553379	0.14355196514526	0.175341852913752	0.133519566261377	0.145284018336061	0.136341890765395	0.157830153164447	0.129083454907888
"ASTUR_1"	0.107504708051721	0.0974643318705812	0.105907768277392	0.102136680686712	0.0656641731587765	0.0649020083960662	0.115630321761036	0	0.13316532645275	0.0847984453285822	0.0744707739601202	0.0877356482370923	0.107587615349334	0.0979886200307703	0.107423428277709	0.0757104007647146	0.0922171169690743	0.0961789880632247	0.101889199944903	0.0821546725649707	0.100150600021584	0.0945739673974161	0.0890509696800658	0.104557493818242	0.0969254289829986	0.101174099059307	0.0916873039583511	0.0767133725467563	0.082057298531073	0.0883713098756806	0.0593296241637765	0.070682028963899	0.107510085671813	0.0976497630662691	0.093792124470047	0.105964158477835	0.110116294581505	0.127954778536135	0.114543980420713	0.0992159020675346	0.126874607459707	0.085098039164071	0.0833810116857861	0.0938378800816624	0.0999973789308475	0.0917539598783437	0.080906603763461	0.0970083519542473	0.101257491156854	0.107710259337471	0.117998329750388	0.0927863295581829	0.0800967540067298	0.0933577415730528	0.0875158144215979	0.0858216214348261	0.118025628486382	0.107182133544991	0.0899511171182923	0.111634069738731	0.0955575062998476	0.101479021290714
"ASTUR2"	0.150564375712881	0.14188662993011	0.154971229775952	0.152797791173955	0.117526797968368	0.129090033432475	0.0398714159821086	0.13316532645275	0	0.162323642572472	0.144241916428534	0.158559330270312	0.100472905231073	0.0921602950555578	0.147456420803487	0.148410172082044	0.161507133920839	0.156458552360946	0.16116038313664	0.154530174887821	0.161026902016807	0.161861895619529	0.147323130086311	0.165414514307352	0.15802099715579	0.153004671464876	0.152624647362501	0.160745734185777	0.156525688227666	0.153966460683389	0.134238159713334	0.143537942646702	0.138211973484552	0.153184407857249	0.133788000103078	0.152909461049905	0.138450707286771	0.168196841522675	0.144561878484646	0.131477775036555	0.156124985056894	0.150672658913247	0.148836526751627	0.153140209675638	0.163704105013558	0.158560389423665	0.157948590638082	0.163256321612388	0.137634436659883	0.135278354828671	0.146245768848257	0.154278226899372	0.148164220950435	0.16288716323781	0.166096740088039	0.160669351579399	0.187829318602721	0.138175514213176	0.157996499755664	0.139832049462532	0.16998951289072	0.135405858520566
"ASTUR_5"	0.123250871481496	0.114566414710195	0.12752664345762	0.123644557197048	0.0955095977437021	0.103560866392532	0.150056089220819	0.0847984453285822	0.162323642572472	0	0.093928746416976	0.115194742189161	0.134183073967839	0.125721947670039	0.129429574706072	0.0963208152927792	0.115975524263013	0.112113320435329	0.121775015376987	0.104658231902638	0.116733119297568	0.117281682578062	0.103907536610747	0.0486901586754634	0.114331231986006	0.0884510976929215	0.10902444859946	0.108597742134738	0.110338293650258	0.115224379050138	0.110533357188851	0.103683477489628	0.116811177540586	0.119158393520526	0.111799603810759	0.123279233232071	0.12071140870196	0.150238668216519	0.123110647612745	0.112992639922103	0.136463252645336	0.118575345173645	0.11238489514525	0.116210380197438	0.12211576719672	0.11698566499542	0.114613569325703	0.122167023551349	0.113791830988966	0.116460209599987	0.126361397433892	0.114204666096793	0.106289006762445	0.124981132240305	0.123783911514303	0.117393635465109	0.143941585372949	0.11845109353139	0.118012460050889	0.120403380678955	0.133521744272888	0.110913943306374
"HF_1"	0.10416459030036	0.0995828583530634	0.108977515509674	0.104951515354448	0.0744554667255557	0.0782701988600799	0.131539920053076	0.0744707739601202	0.144241916428534	0.093928746416976	0	0.0741658322101384	0.103918275872211	0.0969422023702287	0.101004389230567	0.0687165308800898	0.0903416197771882	0.0891720783867387	0.0955465015181913	0.0767034062842334	0.0955376775489088	0.0995887801563714	0.0847487919966832	0.105555330336417	0.0936279370608948	0.102558209995879	0.0886953700133108	0.0755703006143025	0.0871581814453483	0.0909719552929717	0.0867242405549177	0.0791791610848443	0.101804393876297	0.0907265174285777	0.0894004692197674	0.0945895602312131	0.105862014799073	0.122832116148794	0.107920416494768	0.0968112558612341	0.121720267166837	0.0836077503606237	0.0861586207205821	0.0652346727218318	0.0732933361402998	0.0816569210579715	0.0868273887466774	0.0850293388583706	0.0959623035768895	0.103348877691312	0.112946427293274	0.0843827066843493	0.0759005451305269	0.0912645241502287	0.0930526210716679	0.0829212194657895	0.123365221480492	0.102111518531053	0.080530445215839	0.107455618666893	0.101611550650366	0.0972610818564197
"HF_2"	0.111601102030499	0.106129839847209	0.115402287500109	0.110193097017571	0.0948983333379676	0.0908628313890871	0.143963294118057	0.0877356482370923	0.158559330270312	0.115194742189161	0.0741658322101384	0	0.0983538154418514	0.0929691408591948	0.0811049405569026	0.0716905504338103	0.0840456468989149	0.0846362093028233	0.0995321682402151	0.0843025754478107	0.0964606015937061	0.0998980029168976	0.0873785342671202	0.122506049694937	0.0892744454695936	0.121306679774057	0.0880797850900022	0.0743406215427549	0.0859822499439001	0.101811606388098	0.0905005911648075	0.0966725452261725	0.116510906887376	0.0923267484018505	0.0993649091166384	0.106258300191835	0.121346461166027	0.129058395657031	0.120433559647656	0.112092690035418	0.1354664441191	0.0976774732516454	0.0916433409514591	0.0884334293844895	0.0845545979850828	0.0745827574387823	0.0835256627534479	0.0788868851614245	0.106345956971235	0.11679817610448	0.126568633153744	0.0717724857914533	0.0662885374913625	0.075854816228998	0.0842521310181455	0.0762355816070805	0.116750549619957	0.113904534565481	0.0701301959141423	0.120949572334712	0.103043374552468	0.109337804539039
"HF_3"	0.130565054090194	0.122018466053772	0.131228036187766	0.128505626982186	0.113627926600075	0.111419968691611	0.0872160830456876	0.107587615349334	0.100472905231073	0.134183073967839	0.103918275872211	0.0983538154418514	0	0.0462390383669117	0.113949263411652	0.106521766124885	0.109684779654875	0.114995171787764	0.120443977559829	0.109492954345166	0.117135398726256	0.12087807822586	0.106080194412011	0.140607295055451	0.106505960813256	0.139217706439197	0.108068147822569	0.105259114887344	0.105461714571783	0.130471007389586	0.0990553566617868	0.120916214609314	0.132742646901846	0.121549304784839	0.117926285621735	0.129261084794659	0.134448989564767	0.148641555119931	0.137748891222442	0.127813380010104	0.151170666169649	0.120937225551819	0.119032609226688	0.11191431556753	0.113550368616542	0.107273989180482	0.109430234003594	0.107662501924065	0.120249548095458	0.130612215251291	0.141124426157627	0.103864636597829	0.100651387519517	0.0976212885913722	0.11138858179609	0.103186400473792	0.14094649545329	0.127175251549239	0.108839300091625	0.133813218100592	0.126240014574925	0.123886370780241
"HF_4"	0.125097284150664	0.121606744485525	0.133130834007621	0.127038726934304	0.104819852262654	0.106796923849092	0.0794209514498586	0.0979886200307703	0.0921602950555578	0.125721947670039	0.0969422023702287	0.0929691408591948	0.0462390383669117	0	0.102370871959337	0.0946812676232002	0.108268369346204	0.111558975580285	0.119466504269482	0.107274418176982	0.115359163548712	0.120720188922849	0.101912801821707	0.136059714657409	0.10983581045216	0.133323906121499	0.107578878127875	0.102864637820511	0.104108493125678	0.123924070648651	0.101287396181062	0.111898219182797	0.124486985773293	0.114223267256381	0.110480097128666	0.120015382434293	0.12884296418707	0.145131580733362	0.130960641841475	0.119377575422377	0.143411042681499	0.112271574762674	0.109238187659581	0.107214680495456	0.107963351328517	0.101936310407298	0.112706057754893	0.111497104060896	0.115668452021431	0.124126723820985	0.134092478884142	0.1049417799293	0.0991083965644724	0.109081437473478	0.117288402074506	0.104312421258657	0.143213085986204	0.121739639112574	0.104783429482022	0.12824189617398	0.127284399044167	0.116622966802506
"HF_5"	0.127218671216174	0.122686153984229	0.134335618064501	0.129339668288473	0.110073531587461	0.115807134120217	0.136800997976558	0.107423428277709	0.147456420803487	0.129429574706072	0.101004389230567	0.0811049405569026	0.113949263411652	0.102370871959337	0	0.101251463727036	0.11608619705804	0.107024957922103	0.118518455491249	0.114459397711363	0.11140195441058	0.112393360232707	0.106849327021822	0.130899534228326	0.11660153578211	0.127501957721209	0.115806839242324	0.121029539058597	0.123563137104985	0.101265815327827	0.108368473022731	0.114369953838571	0.123230122793413	0.117487082510614	0.115036924306956	0.103722658746133	0.127286694526197	0.115787662835164	0.126371172846047	0.118887277343983	0.141216621341643	0.122305599485478	0.118355764324754	0.115490504389853	0.122834444844645	0.119519042117153	0.124504585333106	0.0879807265522369	0.117763521569975	0.122873883410047	0.132483089291943	0.108556875031396	0.0987893598710039	0.11904262821505	0.126362277094923	0.117650146985059	0.144851769296042	0.122170003898156	0.0941330395735926	0.126861629657462	0.132056554579148	0.117152886292479
"HF_6"	0.101997768429021	0.0908980960578421	0.102018084271426	0.0961488569759496	0.0793761570089438	0.0880832927437261	0.136952022172447	0.0757104007647146	0.148410172082044	0.0963208152927792	0.0687165308800898	0.0716905504338103	0.106521766124885	0.0946812676232002	0.101251463727036	0	0.086808560340614	0.0827803740005798	0.0988505477452866	0.0850510231035604	0.0960912235088611	0.101348533850709	0.0825978403981921	0.102035670516778	0.0906471363119164	0.0985668215006095	0.0807926950986199	0.0846393832712129	0.093464205415218	0.0992266364119764	0.0934678610000316	0.0911501879985346	0.103729429436625	0.0968631005856363	0.0943302968065369	0.106307299388959	0.106856430051223	0.129602348804822	0.107335501559385	0.098478171251657	0.121864350624616	0.0941646807784286	0.0961770215196362	0.0861735325204434	0.081579375332005	0.0820626256381071	0.0944643305918386	0.0967164212944879	0.0986590346413446	0.103664994614737	0.113437126871578	0.0864728283674231	0.079032334944432	0.0971533462574726	0.0990949788663728	0.0888463622883083	0.115526931902973	0.102861731539797	0.0854646827953797	0.107425388589873	0.103577569110875	0.09847234316087
"D10"	0.115981253585983	0.105382835264417	0.115567022848139	0.112644840525026	0.106178423064458	0.105469942181077	0.148469825244049	0.0922171169690743	0.161507133920839	0.115975524263013	0.0903416197771882	0.0840456468989149	0.109684779654875	0.108268369346204	0.11608619705804	0.086808560340614	0	0.0527445275538315	0.075032359927471	0.0565732878871401	0.0659389990433006	0.0658251855806488	0.0534840345169374	0.106472569390989	0.0509417509648349	0.107018512365565	0.0510366138980397	0.0743846660063999	0.0809662872624944	0.119971210282849	0.103626281370002	0.107916116015274	0.11520928624863	0.113031468575855	0.106402969659662	0.120442941482637	0.11649328277701	0.142135880816774	0.119876163100041	0.110695816676599	0.134329497295821	0.112265550593319	0.108717986106625	0.102365941200768	0.104398403238962	0.0995397912901142	0.101815836852609	0.0959777773486929	0.109726174774066	0.113298405846202	0.124654118799279	0.0927541674670912	0.0871297809989924	0.0964906995888266	0.0977615163124801	0.0974648139478956	0.123811225334569	0.116452887490536	0.0882620441942962	0.117840609759387	0.112240914570813	0.111356763983367
"D11"	0.111978325140383	0.103609045389292	0.115947778422675	0.112423190618222	0.104059515327918	0.1094887430103	0.146457742425236	0.0961789880632247	0.156458552360946	0.112113320435329	0.0891720783867387	0.0846362093028233	0.114995171787764	0.111558975580285	0.107024957922103	0.0827803740005798	0.0527445275538315	0	0.0711792240275074	0.05646299721252	0.0679290739695089	0.0604745006223923	0.0444319560910382	0.0946860197346878	0.0516427990551552	0.103913141476518	0.0472586740601846	0.0769587831597375	0.0886137529420489	0.113725736805444	0.109385654024948	0.110659219955771	0.10404814910226	0.108455031319539	0.102549060055705	0.11985155100728	0.105126605593066	0.133661541579999	0.107902289791812	0.101065866708369	0.123991592064403	0.10928582830858	0.110798010185514	0.101028630491035	0.104794957434478	0.106099552648285	0.109370155279308	0.100332913689539	0.102194569695681	0.101368470377179	0.113799766577249	0.092125290305879	0.087711945809626	0.103249863581867	0.106144728364269	0.104977029406224	0.125714727355584	0.10705052400556	0.0915996061332446	0.106049967292	0.116424381897282	0.102139203853752
"D12"	0.117186612884421	0.111616904007187	0.121208480710056	0.116881132546154	0.10718165113339	0.111590030585197	0.14997646946861	0.101889199944903	0.16116038313664	0.121775015376987	0.0955465015181913	0.0995321682402151	0.120443977559829	0.119466504269482	0.118518455491249	0.0988505477452866	0.075032359927471	0.0711792240275074	0	0.0787018536858638	0.0776640636096012	0.0849488266834429	0.06508530687903	0.10988065290445	0.0576898366001475	0.1139954274053	0.0730877047503253	0.0946780968324055	0.0947867807559405	0.126803487447253	0.115544064762234	0.114740073778481	0.11141259794558	0.119687782374254	0.105708865677689	0.124327058616704	0.11110648893878	0.144289746064883	0.118481095656735	0.107760976795394	0.128907613789558	0.118689512221901	0.116225267840703	0.103946842567638	0.112959866032763	0.111375796417057	0.113046240376112	0.102495846782137	0.107049058062036	0.108782332413585	0.119608064172362	0.0948849629859346	0.0915447803246697	0.103861831589517	0.11090335639273	0.107777026717071	0.137042185096924	0.109469845411922	0.0954279845790312	0.113332288890782	0.121740447855058	0.107405762896501
"D13"	0.110055534282348	0.101606132814233	0.110044200314588	0.106604939465673	0.0972586239316838	0.0964273311563655	0.141357256762593	0.0821546725649707	0.154530174887821	0.104658231902638	0.0767034062842334	0.0843025754478107	0.109492954345166	0.107274418176982	0.114459397711363	0.0850510231035604	0.0565732878871401	0.05646299721252	0.0787018536858638	0	0.0696792416837795	0.0618279232029375	0.0560473194748472	0.103920236635879	0.0627827070009258	0.10806404974216	0.0524666828070488	0.0613374037210172	0.0739771882448629	0.111971419960495	0.0973538006085159	0.101288780461421	0.108026387642031	0.105650929383721	0.0995278065253095	0.115835210161616	0.111668864602333	0.138706409465297	0.114431590505574	0.104243646497283	0.127808088331069	0.0989363260024824	0.100823278147228	0.0883368176184795	0.093487362085146	0.0998350486095328	0.0912685367432441	0.093183182928709	0.103239824214358	0.107609011390912	0.118090791059268	0.0886766643583158	0.080250346888225	0.0915095066449292	0.0890800301265095	0.0914603510958295	0.117471702309952	0.108317158189153	0.0878698246743915	0.112130023890589	0.104197359236301	0.102899552165978
"D1"	0.11627748829719	0.108966612882348	0.117297346920521	0.114753403760395	0.107921486751253	0.109986789333629	0.150123812182358	0.100150600021584	0.161026902016807	0.116733119297568	0.0955376775489088	0.0964606015937061	0.117135398726256	0.115359163548712	0.11140195441058	0.0960912235088611	0.0659389990433006	0.0679290739695089	0.0776640636096012	0.0696792416837795	0	0.0716025025963378	0.0576429547143727	0.112856681319313	0.0619216879046596	0.115953897580486	0.0650965050404708	0.0843085920589685	0.092603779686063	0.121480108310722	0.111368808183867	0.112167818103619	0.11478866774027	0.110306782151653	0.104466383587064	0.117688977244093	0.114712188086473	0.139227820185922	0.116368775354106	0.111417730374491	0.132519802864357	0.117422224540166	0.109922623830558	0.106238339836816	0.111496102634102	0.11045162252563	0.109766278348891	0.0953998821929681	0.109587192275096	0.113421310519942	0.124118161397148	0.0918395250580583	0.0867810469220607	0.0979635103762139	0.105303745511607	0.10879196098944	0.122069975143642	0.108881397489067	0.082638360332542	0.117186171222398	0.112229218273568	0.110444775690471
"D3"	0.117653356719481	0.109997126560096	0.115935965469167	0.11580641307344	0.109402957306545	0.109502826640725	0.147600426316475	0.0945739673974161	0.161861895619529	0.117281682578062	0.0995887801563714	0.0998980029168976	0.12087807822586	0.120720188922849	0.112393360232707	0.101348533850709	0.0658251855806488	0.0604745006223923	0.0849488266834429	0.0618279232029375	0.0716025025963378	0	0.0590698276573718	0.108790532226512	0.0676478868964672	0.116692108835944	0.0602080107186887	0.0880071908931853	0.0874238509614821	0.121003476464422	0.108946741377933	0.113644420585908	0.117037923740688	0.113126990627505	0.110492279573448	0.123535635799496	0.121481975134638	0.144549721329971	0.12229011910088	0.113686347726252	0.136389557470517	0.111576327675267	0.112497222804779	0.110506413773842	0.119210319981088	0.115392490326719	0.103967419759279	0.0951882671038811	0.114458917011196	0.117058516263519	0.127415461200877	0.09951076712082	0.0857621230388348	0.105526874708555	0.104128519001334	0.105856543008376	0.130891092210439	0.117545113190949	0.0927025566635922	0.121215216425901	0.124477793793535	0.113634055669604
"D4"	0.10247861797484	0.0864428585020429	0.107301729791641	0.103069458599541	0.09397755773967	0.100954668668991	0.136852562173425	0.0890509696800658	0.147323130086311	0.103907536610747	0.0847487919966832	0.0873785342671202	0.106080194412011	0.101912801821707	0.106849327021822	0.0825978403981921	0.0534840345169374	0.0444319560910382	0.06508530687903	0.0560473194748472	0.0576429547143727	0.0590698276573718	0	0.0907157605445562	0.0431801177430187	0.0961059851179775	0.0335940490246906	0.0774879287278416	0.0807830308054561	0.11106728826115	0.101860294560282	0.100952724684257	0.0972852949179438	0.103527044519596	0.0916295209687189	0.11042535726889	0.0936299081047121	0.130814758709151	0.102903976668651	0.0940217121494437	0.116621089259918	0.101928950253275	0.10116600152145	0.0952441621125341	0.0997056454815706	0.0983113372860222	0.0998371767363097	0.091166876212284	0.0882293851246349	0.0880807004846733	0.105832822583948	0.0807740529452636	0.0797443904284699	0.0914180345946449	0.0977826204741883	0.0971179338840183	0.117246811054908	0.0969912456762957	0.0826723710232284	0.0947850714336017	0.106457924940032	0.0925011527099581
"D6"	0.123089233185483	0.117943954225571	0.132271939554841	0.129313518436705	0.10701002151158	0.120271697717117	0.157229769248819	0.104557493818242	0.165414514307352	0.0486901586754634	0.105555330336417	0.122506049694937	0.140607295055451	0.136059714657409	0.130899534228326	0.102035670516778	0.106472569390989	0.0946860197346878	0.10988065290445	0.103920236635879	0.112856681319313	0.108790532226512	0.0907157605445562	0	0.10401042490058	0.0616610570923083	0.0973317894869465	0.124863629478208	0.121861939666435	0.123392358185897	0.121460096172808	0.114897851423185	0.106583237980326	0.126785729772115	0.111336412192087	0.125508996587234	0.107512748881674	0.145932968731371	0.111114415403871	0.104230199747262	0.12625282125102	0.129532755670534	0.126617816205745	0.127242892711839	0.133057354166021	0.126430376315981	0.133844655629646	0.121363863801999	0.107567476309981	0.104536512077431	0.11622482436726	0.118403687922859	0.111402736390593	0.127241223934317	0.133119945666933	0.128625353188579	0.150894487626895	0.110831921930415	0.1192686566373	0.109236708880931	0.143097025309501	0.107444544800328
"D9"	0.113086355583465	0.0999535781570171	0.116257412421476	0.113049170324962	0.104577805972659	0.10975867944969	0.146364417340032	0.0969254289829986	0.15802099715579	0.114331231986006	0.0936279370608948	0.0892744454695936	0.106505960813256	0.10983581045216	0.11660153578211	0.0906471363119164	0.0509417509648349	0.0516427990551552	0.0576898366001475	0.0627827070009258	0.0619216879046596	0.0676478868964672	0.0431801177430187	0.10401042490058	0	0.108884808907181	0.0397702887280025	0.0853100350596313	0.086436040972816	0.123077787962681	0.112424978005559	0.111353084790936	0.108955294853971	0.115975032123875	0.103887476835272	0.121480114347425	0.104912727253329	0.141743885716066	0.113862554707544	0.106089679640213	0.127229659639619	0.116228090515434	0.115301944828938	0.104610645613792	0.109777079664986	0.104140700383388	0.10823217978326	0.100248002815175	0.100899779841284	0.0997918224792941	0.116418560817512	0.0918049315789787	0.0920976856438128	0.0979066696601824	0.106496347400971	0.105667856580805	0.129723961897543	0.10794932828391	0.093423101947452	0.105890014720989	0.120958430466104	0.103997901413666
"DA"	0.109896275018163	0.106571520003994	0.12197283338491	0.119034231730063	0.0986262756406987	0.112623660324616	0.146661939766879	0.101174099059307	0.153004671464876	0.0884510976929215	0.102558209995879	0.121306679774057	0.139217706439197	0.133323906121499	0.127501957721209	0.0985668215006095	0.107018512365565	0.103913141476518	0.1139954274053	0.10806404974216	0.115953897580486	0.116692108835944	0.0961059851179775	0.0616610570923083	0.108884808907181	0	0.10240495038189	0.125189641977451	0.122825693556579	0.115989925416455	0.117284109291673	0.105765615345214	0.0920505695831001	0.118113786375171	0.0991969337816387	0.115875849396724	0.0916615228320107	0.136716883062072	0.0977783752552864	0.0912336617141752	0.109143443934619	0.121245834850631	0.117771366537991	0.123025244961676	0.128052651762761	0.121237804995749	0.127947045678768	0.122591578253757	0.0936718950732672	0.08765560924542	0.0983340298611321	0.116335305671179	0.111326308106303	0.127834615200769	0.131425697555426	0.125659836566468	0.148882164421224	0.0943488687621134	0.118394733870509	0.0921156187261455	0.139070817132174	0.0942073380962589
"D8"	0.106945418546003	0.0919406340410431	0.110053714183588	0.107437293027194	0.0999664249444517	0.10550423107018	0.141381454040414	0.0916873039583511	0.152624647362501	0.10902444859946	0.0886953700133108	0.0880797850900022	0.108068147822569	0.107578878127875	0.115806839242324	0.0807926950986199	0.0510366138980397	0.0472586740601846	0.0730877047503253	0.0524666828070488	0.0650965050404708	0.0602080107186887	0.0335940490246906	0.0973317894869465	0.0397702887280025	0.10240495038189	0	0.0757208164553106	0.0823365723614645	0.117271885467853	0.105366792707184	0.107771590228148	0.103125616292292	0.109598934633601	0.0994033540373616	0.117510715716104	0.0995081679902984	0.137004553461483	0.107478204638491	0.100670998884221	0.122194167607274	0.108507864949484	0.106920735916533	0.0984266221748107	0.102673463575282	0.0998375207367105	0.102114019310713	0.0995725625536146	0.0964210192301425	0.0941667602678525	0.11145884222389	0.090436775670668	0.0880946835189164	0.0963123974478665	0.0993896006513307	0.100174419992482	0.11926459268618	0.103284155384055	0.091307657801128	0.101114952957316	0.11061683652791	0.0992973158723578
"DC"	0.115642426114089	0.10674830683947	0.11380100294953	0.11048794535658	0.0986360807840365	0.09005838671302	0.145584265652754	0.0767133725467563	0.160745734185777	0.108597742134738	0.0755703006143025	0.0743406215427549	0.105259114887344	0.102864637820511	0.121029539058597	0.0846393832712129	0.0743846660063999	0.0769587831597375	0.0946780968324055	0.0613374037210172	0.0843085920589685	0.0880071908931853	0.0774879287278416	0.124863629478208	0.0853100350596313	0.125189641977451	0.0757208164553106	0	0.0626297177300944	0.11004779266545	0.0925958879363765	0.0974582495036828	0.11638640249095	0.0966581627914877	0.101628764378126	0.111870778308929	0.121029083506387	0.138808032671547	0.121949781653223	0.111884396572272	0.137095902814347	0.0928816555691984	0.0912303276590507	0.0852094356344845	0.082259325761372	0.0823066058594594	0.0721212297265684	0.0885818414587178	0.109185703911005	0.117292890268732	0.127559077285744	0.0783689348045437	0.0732501614464116	0.0857217468083822	0.0753240941037863	0.0789805809360448	0.112408739663657	0.115408397504638	0.0744177675550166	0.121397388218657	0.0889411245911734	0.110418107931128
"DD"	0.109782290526983	0.0996895718511094	0.105425482645411	0.103738706107364	0.0943495934468292	0.0922641593480219	0.140883725657269	0.082057298531073	0.156525688227666	0.110338293650258	0.0871581814453483	0.0859822499439001	0.105461714571783	0.104108493125678	0.123563137104985	0.093464205415218	0.0809662872624944	0.0886137529420489	0.0947867807559405	0.0739771882448629	0.092603779686063	0.0874238509614821	0.0807830308054561	0.121861939666435	0.086436040972816	0.122825693556579	0.0823365723614645	0.0626297177300944	0	0.113704922260981	0.0943584595638578	0.0972386112161409	0.113225299914794	0.102588509674052	0.101144220727101	0.116753092618853	0.11693426690333	0.143601933971995	0.121352162925028	0.106634690184725	0.132146903047777	0.0989830465950314	0.0955156358995042	0.0939589570205747	0.090496631865796	0.0845472510214483	0.0680416119814554	0.0855664490965819	0.103117549051875	0.112204205911783	0.122866741094852	0.0813843854523924	0.0729785252240581	0.0836145609331069	0.0722061857869916	0.0786326632021101	0.10952355750015	0.109955377498774	0.0842255959180569	0.116303203494973	0.0939519449922581	0.105272010075715
"ASTUR_7"	0.115118734148079	0.109878860664694	0.118997650809008	0.115016724066248	0.0897829373671993	0.0907938719634996	0.142609145212059	0.0883713098756806	0.153966460683389	0.115224379050138	0.0909719552929717	0.101811606388098	0.130471007389586	0.123924070648651	0.101265815327827	0.0992266364119764	0.119971210282849	0.113725736805444	0.126803487447253	0.111971419960495	0.121480108310722	0.121003476464422	0.11106728826115	0.123392358185897	0.123077787962681	0.115989925416455	0.117271885467853	0.11004779266545	0.113704922260981	0	0.0708608484820727	0.0532777385908986	0.108142849231005	0.0991316227828931	0.100442232584529	0.0874729532991066	0.111504074690347	0.096977136011493	0.111125050305522	0.101514084780081	0.127557845759644	0.104532059225537	0.101477798912012	0.115026058942676	0.118663611921328	0.108767174603727	0.109206295677767	0.0856159026537992	0.106036766992527	0.109270984575069	0.118844497479663	0.108985804499151	0.100774258841816	0.120801752760114	0.1166866623119	0.109750294059144	0.136098284325561	0.108865415007866	0.107308769246651	0.11316418577999	0.124521261741183	0.104496049779664
"ASTUR_8"	0.109239115657408	0.101507067233521	0.108254996660864	0.106593812199765	0.0776002777902454	0.0690982342970952	0.116698959627559	0.0593296241637765	0.134238159713334	0.110533357188851	0.0867242405549177	0.0905005911648075	0.0990553566617868	0.101287396181062	0.108368473022731	0.0934678610000316	0.103626281370002	0.109385654024948	0.115544064762234	0.0973538006085159	0.111368808183867	0.108946741377933	0.101860294560282	0.121460096172808	0.112424978005559	0.117284109291673	0.105366792707184	0.0925958879363765	0.0943584595638578	0.0708608484820727	0	0.0624653033056322	0.112605202189176	0.0927876258747143	0.0954305308077332	0.105943372398798	0.116151779182325	0.127973817580256	0.117815589950096	0.105139219114806	0.132426048432507	0.0858889425590975	0.0862324392958601	0.101314733784523	0.098807782163142	0.0898385325454647	0.082311333469547	0.0895495811988907	0.104699499949698	0.113978494396159	0.123809203450162	0.0891640647630633	0.0790165064912333	0.0865149247625498	0.0867771070068321	0.0789167894736739	0.114143332303666	0.112295979178216	0.0907315469962515	0.117615588407097	0.0991755127624225	0.107622948169012
"ASTUR_9"	0.104174252686244	0.100102797884096	0.109072215625391	0.104947563267969	0.0755264744375247	0.0772420355845331	0.132133463254866	0.070682028963899	0.143537942646702	0.103683477489628	0.0791791610848443	0.0966725452261725	0.120916214609314	0.111898219182797	0.114369953838571	0.0911501879985346	0.107916116015274	0.110659219955771	0.114740073778481	0.101288780461421	0.112167818103619	0.113644420585908	0.100952724684257	0.114897851423185	0.111353084790936	0.105765615345214	0.107771590228148	0.0974582495036828	0.0972386112161409	0.0532777385908986	0.0624653033056322	0	0.096835952864308	0.0895474872410954	0.0867473402613049	0.0935839400127194	0.0999296845214035	0.121818272108159	0.10346693997974	0.0892525680677261	0.116702382836983	0.0895774717682141	0.0903061707215087	0.104113408651515	0.103406346373499	0.0932754362672088	0.0931234219218513	0.097162974668038	0.0921346673724872	0.0977173846673045	0.107631082019614	0.0981032418631552	0.0888421314005267	0.108072269465005	0.102812030385836	0.0963431991928614	0.126137289024469	0.0979140424119459	0.0955805343033809	0.101774955313933	0.108005229491576	0.0928817869546738
"J1"	0.0978561138788388	0.0845949978531117	0.0955831990994108	0.0924540971375189	0.0925094339113568	0.106049513339549	0.133771958049623	0.107510085671813	0.138211973484552	0.116811177540586	0.101804393876297	0.116510906887376	0.132742646901846	0.124486985773293	0.123230122793413	0.103729429436625	0.11520928624863	0.10404814910226	0.11141259794558	0.108026387642031	0.11478866774027	0.117037923740688	0.0972852949179438	0.106583237980326	0.108955294853971	0.0920505695831001	0.103125616292292	0.11638640249095	0.113225299914794	0.108142849231005	0.112605202189176	0.096835952864308	0	0.091677188232141	0.0565853268776202	0.0866280465374149	0.0446812986586555	0.113605737623157	0.041621981426438	0.0263068833360646	0.0595951551900552	0.10194871151647	0.090855019093331	0.111922674100972	0.119639285877272	0.112731352621815	0.117100054699967	0.115689735590338	0.0580547902154635	0.0539414523093407	0.0688693420130014	0.109490353497442	0.10361237904678	0.123192557959658	0.124971314039238	0.119050594907615	0.143514999824832	0.0623905143170976	0.112030789410366	0.0612097779827214	0.128459565566062	0.0655561916859621
"J10"	0.103892094551537	0.0969430183569361	0.105949080261226	0.101889461137064	0.0900236824558759	0.0898640783098703	0.140274316168138	0.0976497630662691	0.153184407857249	0.119158393520526	0.0907265174285777	0.0923267484018505	0.121549304784839	0.114223267256381	0.117487082510614	0.0968631005856363	0.113031468575855	0.108455031319539	0.119687782374254	0.105650929383721	0.110306782151653	0.113126990627505	0.103527044519596	0.126785729772115	0.115975032123875	0.118113786375171	0.109598934633601	0.0966581627914877	0.102588509674052	0.0991316227828931	0.0927876258747143	0.0895474872410954	0.091677188232141	0	0.060099618137408	0.06581205321045	0.100303873435188	0.0934462578455226	0.0970548537794107	0.0869210781091757	0.116591985827672	0.0597021091075417	0.0502093156917091	0.102674851951988	0.0996253030875143	0.0948693148036915	0.0905149617976098	0.0953208560120113	0.0896126328582751	0.104842053132501	0.114778493579125	0.0886109753958844	0.0836489314699132	0.102266997861372	0.0979576471592887	0.0916913625854054	0.123387022336586	0.0965791586150857	0.0913354113651631	0.107514418190512	0.111881611243437	0.0956399635141454
"J11"	0.0927397867512009	0.081078803638781	0.0882543434385586	0.0829989465495988	0.0814251152658204	0.0880797656384553	0.125863666456003	0.093792124470047	0.133788000103078	0.111799603810759	0.0894004692197674	0.0993649091166384	0.117926285621735	0.110480097128666	0.115036924306956	0.0943302968065369	0.106402969659662	0.102549060055705	0.105708865677689	0.0995278065253095	0.104466383587064	0.110492279573448	0.0916295209687189	0.111336412192087	0.103887476835272	0.0991969337816387	0.0994033540373616	0.101628764378126	0.101144220727101	0.100442232584529	0.0954305308077332	0.0867473402613049	0.0565853268776202	0.060099618137408	0	0.0720715386541096	0.0750572252679017	0.0997525396389692	0.0701693544509944	0.0533922929265781	0.088984305922965	0.0719899366301165	0.0660455609752336	0.0995743016846331	0.103200237827742	0.0966326828898715	0.0992922911227729	0.101334199545564	0.0596302760030066	0.0775132156807529	0.0886741463806331	0.096278726081364	0.0904450564496324	0.107470645731801	0.107354756752694	0.100717191521653	0.128196531076494	0.0725833130955824	0.0967499402266219	0.080566845283428	0.111842658098601	0.07306209589026
