"A1"	"A2"	"A3"	"A4"	"ASTUR3"	"ASTUR4"	"ASTUR6"	"ASTUR_1"	"ASTUR2"	"ASTUR_5"	"HF_1"	"HF_2"	"HF_3"	"HF_4"	"HF_5"	"HF_6"	"D10"	"D11"	"D12"	"D13"	"D1"	"D3"	"D4"	"D6"	"D9"	"DA"	"D8"	"DC"	"DD"	"ASTUR_7"	"ASTUR_8"	"ASTUR_9"	"J1"	"J10"	"J11"	"J2"	"J3"	"J4"	"J5"	"J6"	"J7"	"J8"	"J9"	"S1"	"S2"	"S3"	"W13"	"W16"	"W10"	"W11"	"W12"	"W14"	"W15"	"W1"	"W2"	"W3"	"W4"	"W5"	"W6"	"W7"	"W8"	"W9"
"A1"	0	0.402393960419927	0.389477716400991	0.364223355611339	0.628844636034968	0.5837597812126	0.591627890550974	0.537649014329824	0.60807782669509	0.510634721163369	0.540841473860859	0.527819502898674	0.510846477213166	0.519233610048069	0.517681454275638	0.516619119662805	0.546449650894308	0.59877526097079	0.610102087048125	0.549824131351672	0.535363133841592	0.511113906964168	0.552819707078656	0.562405172281518	0.592132142688605	0.566528542159323	0.561760017783896	0.5168732505261	0.527410290555486	0.552778476336168	0.543760645811812	0.55961150577955	0.653655516342959	0.588799442546389	0.561422353148013	0.584064819880716	0.686421703851184	0.595240715167425	0.65003473150247	0.648365742546827	0.640527449246431	0.590105867933063	0.565373226320496	0.533276638917262	0.521720050539537	0.516992802887201	0.550601466479999	0.545473249582388	0.55408466481502	0.651739493491235	0.613158909868934	0.551279762644877	0.540953344875755	0.5476276609758	0.524901074719342	0.523677304796334	0.567473344321238	0.564454037970009	0.566469267897712	0.649636332081958	0.552965423284293	0.547575514539583
"A2"	0.402393960419927	0	0.298312622011413	0.318036498592044	0.666149696864563	0.591250555819238	0.615189133882672	0.558592097746034	0.633906963943285	0.55556934674181	0.561356876675208	0.541105930668295	0.547870383934562	0.53534179076205	0.549375033975329	0.569159021235409	0.567493914419912	0.628517254949945	0.641971152422003	0.573598132952312	0.574728236981007	0.556987532074456	0.575873676762717	0.590416846623346	0.610293873639655	0.589070341642729	0.607979636289039	0.530225127294311	0.570899675799131	0.564522934002968	0.562565469984764	0.574492839571683	0.643276072666782	0.608178105129771	0.58174056007802	0.609998242506607	0.691519109860411	0.617300207226383	0.669086063997151	0.649843333269995	0.657897038791002	0.614428553823763	0.573806369399675	0.559020972351433	0.550986749578488	0.529575050675494	0.570702158840467	0.581102566411764	0.570706878469466	0.673936246707126	0.619385803815399	0.579368523996473	0.593211323841252	0.56251633203753	0.551787429105687	0.56097571622764	0.61188622518976	0.597171580903554	0.590255176480556	0.669121920531557	0.582310225975986	0.573806468494839
"A3"	0.389477716400991	0.298312622011413	0	0.287462433863074	0.677141161319379	0.618946634492575	0.63324059205026	0.584301516067461	0.648259042303383	0.582386221324949	0.56987732508769	0.55375654653566	0.566607050936981	0.537948553590746	0.552496259292939	0.56199021551569	0.58841244757993	0.644372326552483	0.661254774703541	0.601477998183645	0.589464753481946	0.571340587670115	0.602643676645508	0.605060748559609	0.633905854178879	0.612311532163446	0.615059171912882	0.548664039684722	0.577330140151501	0.592842071997112	0.589825479603458	0.607255846534937	0.65678106458104	0.610424053786635	0.598487012143386	0.617335253355838	0.703436212844393	0.633221957196766	0.674961514812453	0.650868896223529	0.675943039481512	0.624739036082496	0.596709725465864	0.550758665956524	0.556622603104738	0.531310078156607	0.577069227249811	0.59998882280614	0.577605337469112	0.692756197025623	0.645269015372974	0.600411160647002	0.608856119816653	0.575560664436985	0.554435397764039	0.554870698279697	0.608536836954405	0.593348843871849	0.591573049095919	0.686102901249928	0.581250097373242	0.580487645204
"A4"	0.364223355611339	0.318036498592044	0.287462433863074	0	0.664587042714022	0.605263441621726	0.63539500408614	0.572180316652481	0.637112969093075	0.570274480143902	0.580848056264758	0.568546970298384	0.56163446539419	0.546689265422645	0.565261556914274	0.565581509441103	0.580782383546143	0.634848234320947	0.650050634157568	0.591755696791175	0.574293406597767	0.560180448746516	0.588320131696661	0.602655497275903	0.630023393845718	0.608124253332972	0.619820417918362	0.550261556093399	0.572632099407835	0.587803983087434	0.575389031452738	0.599001546677691	0.65143640589668	0.593774549884737	0.581462304768826	0.605292127977535	0.697530467684941	0.616223665478286	0.665095022969694	0.650141672730354	0.66595369791057	0.616963270478125	0.571832362984603	0.573618677435522	0.566840649364217	0.540935894668235	0.571159845725153	0.584068322070622	0.584274155134075	0.681256838170295	0.641260273400028	0.601653684992696	0.590945436121309	0.578500593093544	0.564761506459915	0.570111563643414	0.613405580969018	0.590367154061067	0.604257767768631	0.683718507190876	0.589130729782834	0.597681113788463
"ASTUR3"	0.628844636034968	0.666149696864563	0.677141161319379	0.664587042714022	0	0.423811498092169	0.486884956645278	0.509693734138446	0.479295677667743	0.548473529740185	0.566028269756218	0.607177281482048	0.589361344389373	0.58774291387244	0.572028823717983	0.582281636350618	0.602991975137868	0.573518451772736	0.576838207786201	0.570089996081039	0.594033053939663	0.576999344835751	0.588324522997287	0.564355703657364	0.594164686095411	0.558121747280115	0.598082538230098	0.57799839291651	0.57609328148547	0.557076691047294	0.55155230664443	0.556136179203076	0.579293156806311	0.555998806801954	0.576321352884695	0.562054548508304	0.601147394806076	0.557134041449215	0.608394649856416	0.588075920800469	0.590197169204551	0.545353491021819	0.555414979530846	0.613092624752661	0.612586403534411	0.608274876031895	0.583216073571382	0.567527558569746	0.596655815993433	0.574352956505449	0.569033201636417	0.567756959202449	0.540787376256301	0.606089055054104	0.58221297016088	0.584352464104036	0.585108420976991	0.576543475994042	0.607698841407024	0.565821505721232	0.564125907138304	0.566544095002652
"ASTUR4"	0.5837597812126	0.591250555819238	0.618946634492575	0.605263441621726	0.423811498092169	0	0.433783038230886	0.426868677800633	0.432152203156502	0.484678166560105	0.486637015066568	0.508183936096305	0.497129326706797	0.482251087233459	0.48391469774941	0.505034869992392	0.535364216503003	0.550701380924561	0.562629862604517	0.510682714694335	0.520389591748044	0.50443911924163	0.530327649960387	0.528516531102754	0.565283927699765	0.525752232046792	0.549088498070122	0.497197635478395	0.522635277505409	0.472828895673078	0.463666088577541	0.492937465556751	0.585180613438688	0.534934735775303	0.531106373131519	0.555880366624787	0.616905225035476	0.536697682234728	0.599175472999869	0.596394542866885	0.590125982732143	0.509929929350261	0.523977275490941	0.527363730468411	0.542921811816959	0.533102024717526	0.509762636956334	0.512642334954983	0.559393503066437	0.590741705122461	0.554984418329961	0.494661879630755	0.486328782401651	0.529772450352892	0.501086630026535	0.515809551990276	0.523610880148458	0.545715733775726	0.536639148409595	0.571607743556374	0.488635086930435	0.523125321566006
"ASTUR6"	0.591627890550974	0.615189133882672	0.63324059205026	0.63539500408614	0.486884956645278	0.433783038230886	0	0.48360968546635	0.392029601398528	0.524695479183292	0.492155185255327	0.498555197334433	0.506300954743189	0.472955086719698	0.474146264993032	0.502134312577909	0.53289810354954	0.56159968236412	0.580268076328199	0.518722241002213	0.523589219185843	0.50742736849863	0.533296638755242	0.537216666328534	0.582999098440822	0.557672663449347	0.552162775172729	0.511645920635474	0.519353663625924	0.52149384118305	0.498080531175324	0.525570864931971	0.623076704156949	0.579363927862425	0.570183035772198	0.576593101379248	0.660069767731516	0.571897009595643	0.62603165917382	0.59443048454477	0.632428839709928	0.551281404031782	0.570346022031395	0.511726042090156	0.517964058397976	0.524560399772779	0.506192165512515	0.509548712105164	0.55104821766745	0.633657495433818	0.566654312831731	0.524777376140401	0.513324000153489	0.537648453954533	0.527212520109399	0.531757529518851	0.530726642977872	0.566927548342267	0.508192508241073	0.619949152433539	0.491155382017065	0.546354721466143
"ASTUR_1"	0.537649014329824	0.558592097746034	0.584301516067461	0.572180316652481	0.509693734138446	0.426868677800633	0.48360968546635	0	0.488955066972704	0.398415425602196	0.44689171551381	0.487841375771332	0.459542940984314	0.448729251502004	0.423533628420702	0.457282184669997	0.474789765909356	0.518425411323495	0.532173847981366	0.459346605740774	0.477392381633374	0.443233327015527	0.49159734313016	0.479740999712657	0.548027834367665	0.50093547639213	0.520847795714912	0.461979874261697	0.481422976696761	0.394329138826968	0.395775373362508	0.413008805286752	0.606537162854146	0.551787769681208	0.528594628650488	0.556658988987419	0.648771012483014	0.554505040525033	0.627121901194152	0.607836846452648	0.600959206922194	0.53577003487562	0.499997236067904	0.480949470139417	0.484172285485741	0.468917031123616	0.49707201194993	0.491901199736762	0.548296157067713	0.608919449662752	0.556047863527992	0.494232331998848	0.470430420230279	0.497111596598405	0.453468686857622	0.471821809140069	0.503019752650205	0.551009603703316	0.520015032507974	0.589813987600356	0.468544523160219	0.524862977541793
"ASTUR2"	0.60807782669509	0.633906963943285	0.648259042303383	0.637112969093075	0.479295677667743	0.432152203156502	0.392029601398528	0.488955066972704	0	0.539935081119899	0.513917456147157	0.533573373361475	0.527912483672898	0.517298272732388	0.493363670031478	0.522420156946586	0.535925878920125	0.570557245349261	0.593545414946907	0.537655207894719	0.549215468047984	0.508106289672371	0.524981445212018	0.556312654189934	0.588472173029658	0.552409805855979	0.552420066853135	0.540295241191377	0.529534447009761	0.502098739187087	0.485672050281153	0.519094266207213	0.624254646749909	0.583881061032743	0.577660422281523	0.597595764478202	0.652998562549231	0.570124572625174	0.64156712091865	0.60498940048679	0.628420207175112	0.564487126630441	0.555182327353064	0.542394052901708	0.542915123942517	0.545662630631857	0.523401654390773	0.52083266010394	0.568375824969556	0.623848063679563	0.575935305361438	0.527594399876921	0.518681563677815	0.550506326012042	0.533793647136105	0.542924016215485	0.530948022300723	0.557661468460003	0.529882481631938	0.603032958724635	0.500566567243505	0.55731147152809
"ASTUR_5"	0.510634721163369	0.55556934674181	0.582386221324949	0.570274480143902	0.548473529740185	0.484678166560105	0.524695479183292	0.398415425602196	0.539935081119899	0	0.444742874097475	0.468291856419806	0.440057320496064	0.455787948152132	0.442315116302795	0.442976223527324	0.460449715700191	0.506843582876731	0.525194330751911	0.438750005226826	0.456962924247528	0.431152822060872	0.46056364778291	0.462518407174654	0.511709090680928	0.443835221600256	0.488405628113806	0.447114952556167	0.474274976141895	0.407103955898651	0.432187609168097	0.426458416794699	0.614472226972786	0.548120905981212	0.524738449041253	0.559957296730226	0.645204783836141	0.543708850572416	0.623720381797616	0.621556970119753	0.610173163760666	0.543856622064932	0.503506992541266	0.476443648024628	0.484062441752688	0.477167785698168	0.494490915787956	0.484773198699691	0.517099681724337	0.593476013310084	0.543378152952732	0.472983733323702	0.465729117981391	0.485809116971097	0.468564906401192	0.481606675640843	0.492990824363622	0.53561947628371	0.533885723128454	0.593371304054333	0.4779730248987	0.502268192707405
"HF_1"	0.540841473860859	0.561356876675208	0.56987732508769	0.580848056264758	0.566028269756218	0.486637015066568	0.492155185255327	0.44689171551381	0.513917456147157	0.444742874097475	0	0.353514752746379	0.410833586979811	0.373554065024925	0.383005326174573	0.378838848538224	0.452445750022709	0.541135540199754	0.54275681015618	0.459673222566492	0.453393697349383	0.455012313779684	0.476266878409268	0.502435062671217	0.566629652739559	0.506934749894148	0.504153349621999	0.427201723147351	0.477289904980901	0.480337411364803	0.477479253488154	0.480040501695192	0.6536673346248	0.579444018219222	0.576409917041285	0.592710285934007	0.710837719911881	0.595472049222092	0.669961620994481	0.647068628146374	0.664172187617475	0.5453334908036	0.544425510610111	0.374759045949795	0.396469791549476	0.400824422765872	0.456398232314494	0.484598336824196	0.515481530959411	0.655626553529398	0.567363038623038	0.498689967570998	0.494911460736024	0.45585561233053	0.440363453140741	0.477738150725358	0.471146707966009	0.558426198882245	0.448570888321973	0.63990739031928	0.453322972449096	0.525209190063565
"HF_2"	0.527819502898674	0.541105930668295	0.55375654653566	0.568546970298384	0.607177281482048	0.508183936096305	0.498555197334433	0.487841375771332	0.533573373361475	0.468291856419806	0.353514752746379	0	0.377352779816597	0.352993200365341	0.346146725876435	0.393039879472435	0.454448496793936	0.544076532812188	0.560757105487757	0.473343757822336	0.446635254118872	0.461910363250352	0.493323736621658	0.509062047708374	0.547322127558035	0.512953492372095	0.516768837944596	0.427038283297568	0.486512860675229	0.498311583036546	0.460729643878422	0.477752928007171	0.66290334919741	0.573394620012701	0.573942699884607	0.602456590094831	0.701268295622234	0.594790074549669	0.654061527961185	0.65039559977081	0.661769320785838	0.556230782482295	0.560701923238877	0.370571302086281	0.396683522414592	0.374221478763651	0.440190545597323	0.491238245169221	0.517161733717267	0.659665129618828	0.564391150155331	0.481537357401112	0.49130546133181	0.441996696239923	0.444010011986606	0.471479353471275	0.467171885806105	0.569033776106619	0.438932647708247	0.63853405438886	0.454606247291795	0.527662608914554
"HF_3"	0.510846477213166	0.547870383934562	0.566607050936981	0.56163446539419	0.589361344389373	0.497129326706797	0.506300954743189	0.459542940984314	0.527912483672898	0.440057320496064	0.410833586979811	0.377352779816597	0	0.371841199732841	0.397121518628144	0.40256817721946	0.444210281296028	0.530521098682743	0.528721248249889	0.456151460634892	0.440375440289197	0.440391567839278	0.460592421261995	0.487913910991803	0.528445317155314	0.494505653617845	0.467200835784176	0.4449960927315	0.477986552148923	0.490931108890057	0.445638753286415	0.497651661247027	0.656387579370327	0.559774371270777	0.542593915306692	0.586352561163289	0.675731936214895	0.577419030727026	0.653451686771552	0.634853362061566	0.65057490553373	0.54561076005697	0.53529193425699	0.420225734535988	0.418056751373099	0.414698518775528	0.444592505681644	0.448508444448354	0.495885285942222	0.633522051827888	0.552434226390295	0.461081578690388	0.468901568889346	0.410107883603488	0.413558452277586	0.464912227970795	0.449285489133548	0.53891640571978	0.45299875045754	0.600418431641485	0.437942361456323	0.497982152523056
"HF_4"	0.519233610048069	0.53534179076205	0.537948553590746	0.546689265422645	0.58774291387244	0.482251087233459	0.472955086719698	0.448729251502004	0.517298272732388	0.455787948152132	0.373554065024925	0.352993200365341	0.371841199732841	0	0.347353748846699	0.387424563036153	0.446748927144501	0.526910360457553	0.549786416762789	0.451522944334371	0.439986544288728	0.434254497095884	0.468912145233424	0.502130184311299	0.533813944293309	0.508393115075759	0.514210685259257	0.410473508548332	0.458831524055949	0.478732194835268	0.441492848570489	0.460963532988274	0.65228569238392	0.570791927411761	0.560250352043658	0.58883825227675	0.707507100545993	0.580881785779751	0.653667715506818	0.631866787711498	0.654095602226997	0.553243149182122	0.53195209801061	0.359549726805476	0.37442329708092	0.363305183633964	0.447139085704857	0.475606575703792	0.495669402177335	0.649442724851117	0.56600616647394	0.478291416970451	0.470339324289603	0.422635360366407	0.407537808583798	0.429302584381151	0.451528117057531	0.524572982227953	0.434042879500857	0.637787782449644	0.425202205259338	0.489622164050904
"HF_5"	0.517681454275638	0.549375033975329	0.552496259292939	0.565261556914274	0.572028823717983	0.48391469774941	0.474146264993032	0.423533628420702	0.493363670031478	0.442315116302795	0.383005326174573	0.346146725876435	0.397121518628144	0.347353748846699	0	0.385633140658845	0.435061225797399	0.496452417333011	0.540977032715965	0.448926038123426	0.434462858144694	0.428811268972281	0.452434669286628	0.490402776603836	0.522808398739588	0.484855934068029	0.472786935258344	0.429056216515439	0.4545877469639	0.446319091088028	0.429788041002098	0.462342111913653	0.631247683279022	0.545443847534595	0.543819106307489	0.569878482976921	0.676763453542259	0.562220018117782	0.633278352270107	0.610972720120173	0.626242699080238	0.533022440882507	0.537189042290256	0.413520847803905	0.429116766512186	0.407653859752758	0.438772811826846	0.461870981858877	0.519122876569843	0.625278582086684	0.550869710039437	0.451900473231944	0.467236042825849	0.458257346290162	0.394675916632303	0.463800389726756	0.449712686527819	0.540410863360286	0.453440809562259	0.618082696850519	0.430412054840872	0.499116751751405
"HF_6"	0.516619119662805	0.569159021235409	0.56199021551569	0.565581509441103	0.582281636350618	0.505034869992392	0.502134312577909	0.457282184669997	0.522420156946586	0.442976223527324	0.378838848538224	0.393039879472435	0.40256817721946	0.387424563036153	0.385633140658845	0	0.456176493342971	0.536570900845071	0.552643096701843	0.431113278934252	0.429874993728211	0.436615818769387	0.466560939005521	0.480356624099315	0.548120262754107	0.510575377098454	0.500249889072401	0.440700503161115	0.466845627047806	0.467097465487735	0.447373959962566	0.465510938292929	0.657317577327341	0.570327747507143	0.569644955724948	0.607727852432505	0.68882405458083	0.575107530543728	0.643905533673628	0.623541690785003	0.652129667195891	0.570123874395095	0.54336975195273	0.402207969473425	0.401926331874893	0.399681396495409	0.446445656463602	0.470409397905684	0.507189516276233	0.637745784265132	0.550675762695621	0.476751316384763	0.468419409434264	0.459890305982942	0.440824246529663	0.4492951930338	0.459010689126436	0.529378034915621	0.449764916912171	0.623606133178739	0.425267020370396	0.510553260825692
"D10"	0.546449650894308	0.567493914419912	0.58841244757993	0.580782383546143	0.602991975137868	0.535364216503003	0.53289810354954	0.474789765909356	0.535925878920125	0.460449715700191	0.452445750022709	0.454448496793936	0.444210281296028	0.446748927144501	0.435061225797399	0.456176493342971	0	0.436632771608714	0.477808873207756	0.381772101781527	0.400784780987914	0.34338844523522	0.384156114092841	0.399851924489823	0.474226569434751	0.393589101485949	0.39653985397184	0.421404696269851	0.407927291119796	0.519286475298255	0.479342194794567	0.514520760250115	0.645215892642463	0.595168771219152	0.573599895527844	0.617248491237135	0.673158262762318	0.594071819714001	0.635624365463965	0.633935614747986	0.629365245177394	0.591789609369715	0.561675022385248	0.473946525502722	0.494284149908933	0.482242251933402	0.478477123860593	0.481136121172254	0.521607276686691	0.629240793478793	0.582588103789329	0.479661203902943	0.49107911600022	0.458147562098521	0.444712394384943	0.496763641782246	0.465955800415817	0.551442029687616	0.488925042333732	0.636884172334654	0.455644298785477	0.532052635593502
"D11"	0.59877526097079	0.628517254949945	0.644372326552483	0.634848234320947	0.573518451772736	0.550701380924561	0.56159968236412	0.518425411323495	0.570557245349261	0.506843582876731	0.541135540199754	0.544076532812188	0.530521098682743	0.526910360457553	0.496452417333011	0.536570900845071	0.436632771608714	0	0.432687580424177	0.413296510005481	0.454583577190014	0.414322090176938	0.419015248481596	0.40728207246196	0.416309273647878	0.423811245139183	0.382841374129893	0.500369820197213	0.469515611593696	0.552070306699548	0.536499325778884	0.54972379644762	0.617090705810543	0.603326197532438	0.593731661598772	0.628502520951997	0.639920585902119	0.585109491739948	0.615183362691683	0.623818477921155	0.608300678302299	0.606342959747442	0.590147284699334	0.551918395459682	0.581358629094527	0.556094649047837	0.549299037624447	0.532826456920928	0.551417752687312	0.601444797599117	0.57507746073996	0.531756339127815	0.517666656356582	0.524404596555216	0.503990449650126	0.551216269243598	0.512522558696763	0.577022349460247	0.551543588263025	0.601483771659887	0.495046752200441	0.550114620431815
"D12"	0.610102087048125	0.641971152422003	0.661254774703541	0.650050634157568	0.576838207786201	0.562629862604517	0.580268076328199	0.532173847981366	0.593545414946907	0.525194330751911	0.54275681015618	0.560757105487757	0.528721248249889	0.549786416762789	0.540977032715965	0.552643096701843	0.477808873207756	0.432687580424177	0	0.457925773398032	0.491311813090633	0.484726858816524	0.484520834898911	0.467692281295324	0.378331280648885	0.475276336252534	0.434088885206913	0.503208793653371	0.496089656535319	0.586102775995018	0.561802790775918	0.579868635467227	0.640406387607443	0.623298585611419	0.600187049920189	0.645005454497262	0.642282103704	0.605522746750892	0.618046236427739	0.658421639158057	0.605323381297533	0.627562103128795	0.596747491148628	0.562214793832603	0.564709410092256	0.574903063799104	0.567452538820785	0.534441065796473	0.58150123402325	0.612504877358381	0.587436208516967	0.547017991891795	0.518803865931483	0.547826268058598	0.539886910023961	0.562080481393695	0.551663597509523	0.601888956670224	0.576423620287173	0.611638992193298	0.546222866160163	0.564309925580075
"D13"	0.549824131351672	0.573598132952312	0.601477998183645	0.591755696791175	0.570089996081039	0.510682714694335	0.518722241002213	0.459346605740774	0.537655207894719	0.438750005226826	0.459673222566492	0.473343757822336	0.456151460634892	0.451522944334371	0.448926038123426	0.431113278934252	0.381772101781527	0.413296510005481	0.457925773398032	0	0.398141469204856	0.349778145156204	0.383984205742741	0.38911930349603	0.457678463404744	0.419811568984641	0.408590194197337	0.418100224147401	0.438636687658415	0.508939155819053	0.497292695894375	0.509619388269875	0.626990354198722	0.593838150300521	0.576170816693995	0.60552480184002	0.661331737128676	0.575346014732334	0.634104052557314	0.62718855050497	0.629017982747554	0.555208733224421	0.563751620385142	0.469616707471461	0.489801313536189	0.466397145719098	0.46917477882935	0.444453458092372	0.505140658130822	0.619171678620958	0.543980492381383	0.471260404444893	0.471031783732198	0.449548878797167	0.441027133313877	0.477534853673251	0.468956522088874	0.542317207360752	0.492224230313969	0.606673617119426	0.425951576878698	0.51213034060103
"D1"	0.535363133841592	0.574728236981007	0.589464753481946	0.574293406597767	0.594033053939663	0.520389591748044	0.523589219185843	0.477392381633374	0.549215468047984	0.456962924247528	0.453393697349383	0.446635254118872	0.440375440289197	0.439986544288728	0.434462858144694	0.429874993728211	0.400784780987914	0.454583577190014	0.491311813090633	0.398141469204856	0	0.405190779651096	0.36203715309484	0.397365292433036	0.465812369523224	0.427655674463863	0.433432906498606	0.41236973437137	0.438290384280137	0.51661615245944	0.498661080790542	0.522075519511629	0.658455081754169	0.588223576436051	0.571821996201127	0.61365272467305	0.67513155713214	0.569112783687114	0.647050592807849	0.636303346677855	0.637517237022576	0.589658890142843	0.552533878705447	0.467511511159158	0.484589836950123	0.479445758521304	0.484398842228896	0.478556860861633	0.511653882512683	0.636734540017504	0.569122150978728	0.473153963211291	0.487368906334501	0.446819878354899	0.447378397827448	0.486127345601011	0.471478549420412	0.52772233424114	0.478533705242111	0.629179474091839	0.441640333121279	0.526828518540153
"D3"	0.511113906964168	0.556987532074456	0.571340587670115	0.560180448746516	0.576999344835751	0.50443911924163	0.50742736849863	0.443233327015527	0.508106289672371	0.431152822060872	0.455012313779684	0.461910363250352	0.440391567839278	0.434254497095884	0.428811268972281	0.436615818769387	0.34338844523522	0.414322090176938	0.484726858816524	0.349778145156204	0.405190779651096	0	0.374519182583258	0.402985850052446	0.468524065423493	0.402898953497321	0.395103550065867	0.401540285291491	0.397527703434069	0.50032365291364	0.466927172778432	0.479913581076127	0.623018543636615	0.583577114991102	0.550934326740505	0.599725075954034	0.658369279752143	0.562283207442764	0.624455675810862	0.600186997228751	0.630545437091242	0.56898156408459	0.542638288123644	0.469719665245316	0.483164857860963	0.461426417069539	0.454258513209452	0.446192414683199	0.517716461633636	0.619145221894031	0.555494402334658	0.452349549956198	0.461430747600626	0.459027891238847	0.4162061208733	0.475187295396469	0.460894751843614	0.534407037717892	0.475839418942561	0.619653529333892	0.419694924502254	0.512302484540263
"D4"	0.552819707078656	0.575873676762717	0.602643676645508	0.588320131696661	0.588324522997287	0.530327649960387	0.533296638755242	0.49159734313016	0.524981445212018	0.46056364778291	0.476266878409268	0.493323736621658	0.460592421261995	0.468912145233424	0.452434669286628	0.466560939005521	0.384156114092841	0.419015248481596	0.484520834898911	0.383984205742741	0.36203715309484	0.374519182583258	0	0.374761176967447	0.441918396398507	0.379631059138859	0.373157968648656	0.424423956748527	0.407684509646606	0.508813403161502	0.490366611696333	0.516152938082819	0.649044902721626	0.604641799931222	0.593957650249617	0.636050027879862	0.656445670279529	0.59292728036011	0.650906416374161	0.62639230498675	0.648225965693804	0.593159446251038	0.574180451438931	0.502016167931557	0.502828487156787	0.507927668263364	0.489781823002998	0.465250905220696	0.501172102473717	0.594032314282873	0.534981341164857	0.462975377072439	0.486569235939323	0.435213559766794	0.460754387112659	0.517131080202409	0.437228243401518	0.532669637765779	0.48552585133149	0.605440716350157	0.433886434009153	0.510885795279833
"D6"	0.562405172281518	0.590416846623346	0.605060748559609	0.602655497275903	0.564355703657364	0.528516531102754	0.537216666328534	0.479740999712657	0.556312654189934	0.462518407174654	0.502435062671217	0.509062047708374	0.487913910991803	0.502130184311299	0.490402776603836	0.480356624099315	0.399851924489823	0.40728207246196	0.467692281295324	0.38911930349603	0.397365292433036	0.402985850052446	0.374761176967447	0	0.440445263344995	0.324532469240266	0.38282577773019	0.453761149142426	0.437331489890494	0.521539396804044	0.50242291006241	0.515739544269133	0.605610612480017	0.591670823280081	0.577008063520143	0.610315364691534	0.628434863473395	0.575127968655438	0.61366728922736	0.613750623276121	0.607671791159275	0.578844830021762	0.560177192264701	0.52226099069254	0.541970385154422	0.52559663092256	0.505259966292032	0.480018762079559	0.496163392119458	0.57392320639851	0.531247441381405	0.482239073056313	0.47229994682637	0.483588101810877	0.477720797782618	0.51873058783162	0.490450861472115	0.544174798748853	0.522315429476539	0.57847019679865	0.465710433511578	0.499285673258825
"D9"	0.592132142688605	0.610293873639655	0.633905854178879	0.630023393845718	0.594164686095411	0.565283927699765	0.582999098440822	0.548027834367665	0.588472173029658	0.511709090680928	0.566629652739559	0.547322127558035	0.528445317155314	0.533813944293309	0.522808398739588	0.548120262754107	0.474226569434751	0.416309273647878	0.378331280648885	0.457678463404744	0.465812369523224	0.468524065423493	0.441918396398507	0.440445263344995	0	0.424778803685807	0.402611318002366	0.505894008853153	0.48786681072476	0.57236366276367	0.551778787765153	0.576976078342127	0.619570713241767	0.607928378696641	0.589209939736915	0.637840133076028	0.625240051174994	0.595022424983672	0.604993022502835	0.63692019620234	0.599834271846202	0.620165764119157	0.584262790535253	0.553803517162324	0.574901792262885	0.569246847610724	0.568025799632155	0.546042642093949	0.557379444810992	0.593234228062936	0.571518811477048	0.531183725121575	0.529364873341923	0.524886044052772	0.537825976770108	0.564601059845702	0.537208674359378	0.588880886410209	0.58137745946708	0.591229184319445	0.530156352507758	0.543456088051073
"DA"	0.566528542159323	0.589070341642729	0.612311532163446	0.608124253332972	0.558121747280115	0.525752232046792	0.557672663449347	0.50093547639213	0.552409805855979	0.443835221600256	0.506934749894148	0.512953492372095	0.494505653617845	0.508393115075759	0.484855934068029	0.510575377098454	0.393589101485949	0.423811245139183	0.475276336252534	0.419811568984641	0.427655674463863	0.402898953497321	0.379631059138859	0.324532469240266	0.424778803685807	0	0.386567848721001	0.476269014866433	0.435502905998008	0.506133034839769	0.498827909607295	0.506799333959374	0.621276753817936	0.585287057446654	0.574492163771986	0.605732068583591	0.628052945636759	0.567961127767129	0.621076788412959	0.61571458252465	0.612536120075065	0.594868076412731	0.554370438646351	0.515634548274541	0.541551843542024	0.533694631781053	0.51679362966191	0.494049506686926	0.521443019115521	0.580919970101109	0.545839818901909	0.474654244473228	0.476909655850799	0.485136774592707	0.47975462359287	0.542607903007313	0.48979116930459	0.540941767560644	0.531055496679857	0.575429720060763	0.470167363429035	0.511943413193733
"D8"	0.561760017783896	0.607979636289039	0.615059171912882	0.619820417918362	0.598082538230098	0.549088498070122	0.552162775172729	0.520847795714912	0.552420066853135	0.488405628113806	0.504153349621999	0.516768837944596	0.467200835784176	0.514210685259257	0.472786935258344	0.500249889072401	0.39653985397184	0.382841374129893	0.434088885206913	0.408590194197337	0.433432906498606	0.395103550065867	0.373157968648656	0.38282577773019	0.402611318002366	0.386567848721001	0	0.446200894443802	0.45586232690366	0.541635741746624	0.515475885274721	0.537991782155427	0.628384161298104	0.602570358392804	0.594650416330954	0.627711045215634	0.650693267243547	0.599378414028652	0.631227722570634	0.635819605166001	0.63242501867934	0.602781095218621	0.579004117384842	0.521845762537013	0.543485522006925	0.531759826282223	0.499856511462633	0.486752339638915	0.538001353045667	0.599441533218728	0.580744143180079	0.478426301022548	0.476933636335473	0.466141303239519	0.476560553864291	0.540559192454254	0.481845522510751	0.570206537900911	0.51862199558783	0.60733180189641	0.479210728782588	0.512865319789623
"DC"	0.5168732505261	0.530225127294311	0.548664039684722	0.550261556093399	0.57799839291651	0.497197635478395	0.511645920635474	0.461979874261697	0.540295241191377	0.447114952556167	0.427201723147351	0.427038283297568	0.4449960927315	0.410473508548332	0.429056216515439	0.440700503161115	0.421404696269851	0.500369820197213	0.503208793653371	0.418100224147401	0.41236973437137	0.401540285291491	0.424423956748527	0.453761149142426	0.505894008853153	0.476269014866433	0.446200894443802	0	0.390506360032293	0.493912800303145	0.484063213295918	0.498705199942452	0.629788623322119	0.558497453493434	0.562273582582982	0.578697449945251	0.675932781220702	0.572505441548443	0.630554904903663	0.621988587989732	0.631156007012568	0.544271741342654	0.535283822855994	0.448229122021804	0.45298925603009	0.415207304027811	0.455715549246356	0.464048497701747	0.503552049393724	0.638727920950286	0.563706661082031	0.469392792460248	0.47014043607156	0.43230497466274	0.415630098220221	0.447327283842964	0.458425194836764	0.545231891612714	0.455275528286151	0.626564489168214	0.430608470657702	0.508306358806608
"DD"	0.527410290555486	0.570899675799131	0.577330140151501	0.572632099407835	0.57609328148547	0.522635277505409	0.519353663625924	0.481422976696761	0.529534447009761	0.474274976141895	0.477289904980901	0.486512860675229	0.477986552148923	0.458831524055949	0.4545877469639	0.466845627047806	0.407927291119796	0.469515611593696	0.496089656535319	0.438636687658415	0.438290384280137	0.397527703434069	0.407684509646606	0.437331489890494	0.48786681072476	0.435502905998008	0.45586232690366	0.390506360032293	0	0.50405072304375	0.483862933068073	0.496268464820583	0.629249252894333	0.57784716222085	0.562865737888764	0.606078370071919	0.652285440694804	0.57752009310927	0.621029424843403	0.608035142817483	0.618698167352223	0.567960127171775	0.550996794432158	0.486409328795802	0.485899454000143	0.479030372701065	0.471963531445876	0.457297611930955	0.514507833686174	0.586833748867461	0.539499212418083	0.463857367074802	0.474781445102351	0.447844486646236	0.431620272315116	0.467440637657791	0.470342033135152	0.514060341098762	0.499155145023437	0.606444997633612	0.468927775656767	0.493833873517064
"ASTUR_7"	0.552778476336168	0.564522934002968	0.592842071997112	0.587803983087434	0.557076691047294	0.472828895673078	0.52149384118305	0.394329138826968	0.502098739187087	0.407103955898651	0.480337411364803	0.498311583036546	0.490931108890057	0.478732194835268	0.446319091088028	0.467097465487735	0.519286475298255	0.552070306699548	0.586102775995018	0.508939155819053	0.51661615245944	0.50032365291364	0.508813403161502	0.521539396804044	0.57236366276367	0.506133034839769	0.541635741746624	0.493912800303145	0.50405072304375	0	0.344185204733337	0.317414259068798	0.62887701257666	0.54696391280759	0.542125263284779	0.568378310049935	0.668129285932585	0.546503899623494	0.647628614375246	0.616189617325716	0.631540154821591	0.537975236971197	0.521764754832059	0.500040588087192	0.506231745610957	0.475649953125887	0.488414251126106	0.478864164648664	0.546493308438343	0.602646987940206	0.55784436995065	0.485295085147795	0.470211391132823	0.5003196368712	0.471361409946957	0.471140274719201	0.493169563213811	0.523386555219803	0.515405499727859	0.597922509928635	0.479103030830635	0.516498332445376
"ASTUR_8"	0.543760645811812	0.562565469984764	0.589825479603458	0.575389031452738	0.55155230664443	0.463666088577541	0.498080531175324	0.395775373362508	0.485672050281153	0.432187609168097	0.477479253488154	0.460729643878422	0.445638753286415	0.441492848570489	0.429788041002098	0.447373959962566	0.479342194794567	0.536499325778884	0.561802790775918	0.497292695894375	0.498661080790542	0.466927172778432	0.490366611696333	0.50242291006241	0.551778787765153	0.498827909607295	0.515475885274721	0.484063213295918	0.483862933068073	0.344185204733337	0	0.330127124796172	0.644900759590622	0.552587141675823	0.551452868038473	0.577224470010052	0.66185086374151	0.568165582962675	0.635274745354548	0.592754865337007	0.630831318156963	0.547468315742448	0.516817380212306	0.460453146715834	0.479857850202728	0.465743607958229	0.467639688383354	0.465993044662513	0.514356130087528	0.605334980163339	0.556422776870429	0.457794238205501	0.461623343649344	0.469119358567744	0.448244088950508	0.470128467377683	0.480622794308474	0.521564405608812	0.497734830961171	0.601295884241842	0.456155028535535	0.505030548043161
"ASTUR_9"	0.55961150577955	0.574492839571683	0.607255846534937	0.599001546677691	0.556136179203076	0.492937465556751	0.525570864931971	0.413008805286752	0.519094266207213	0.426458416794699	0.480040501695192	0.477752928007171	0.497651661247027	0.460963532988274	0.462342111913653	0.465510938292929	0.514520760250115	0.54972379644762	0.579868635467227	0.509619388269875	0.522075519511629	0.479913581076127	0.516152938082819	0.515739544269133	0.576976078342127	0.506799333959374	0.537991782155427	0.498705199942452	0.496268464820583	0.317414259068798	0.330127124796172	0	0.633175396098833	0.554765637475199	0.54641564899734	0.588974494210934	0.673504705900711	0.572254336152496	0.635783027936632	0.605908481135999	0.629750750021166	0.550518539837756	0.519627072810785	0.50019163579969	0.488378337832103	0.46781691290901	0.457380410706923	0.47514701960837	0.52965742492399	0.608939640843733	0.555595872419604	0.48319759393456	0.465995823582964	0.505912161378983	0.466027388653365	0.501876865363973	0.500664162781254	0.52516537797188	0.510920286990232	0.597075078584308	0.480943943892738	0.503260022659009
"J1"	0.653655516342959	0.643276072666782	0.65678106458104	0.65143640589668	0.579293156806311	0.585180613438688	0.623076704156949	0.606537162854146	0.624254646749909	0.614472226972786	0.6536673346248	0.66290334919741	0.656387579370327	0.65228569238392	0.631247683279022	0.657317577327341	0.645215892642463	0.617090705810543	0.640406387607443	0.626990354198722	0.658455081754169	0.623018543636615	0.649044902721626	0.605610612480017	0.619570713241767	0.621276753817936	0.628384161298104	0.629788623322119	0.629249252894333	0.62887701257666	0.644900759590622	0.633175396098833	0	0.527718988039589	0.525396202771194	0.510895528705871	0.464690112712357	0.510756950364733	0.437534451911817	0.461682298479926	0.456475884047678	0.53312391424375	0.533987286451166	0.648745956086592	0.661965947897533	0.649033740310934	0.631110538610736	0.606752886128025	0.59664086401946	0.527031866987581	0.553813951579793	0.610598212297503	0.576114411245729	0.656295589314197	0.637034329160898	0.620147466723111	0.651055582045577	0.577702473872688	0.659707191101059	0.520174126187724	0.629719250106482	0.551306429306161
"J10"	0.588799442546389	0.608178105129771	0.610424053786635	0.593774549884737	0.555998806801954	0.534934735775303	0.579363927862425	0.551787769681208	0.583881061032743	0.548120905981212	0.579444018219222	0.573394620012701	0.559774371270777	0.570791927411761	0.545443847534595	0.570327747507143	0.595168771219152	0.603326197532438	0.623298585611419	0.593838150300521	0.588223576436051	0.583577114991102	0.604641799931222	0.591670823280081	0.607928378696641	0.585287057446654	0.602570358392804	0.558497453493434	0.57784716222085	0.54696391280759	0.552587141675823	0.554765637475199	0.527718988039589	0	0.452970986435103	0.450303066194059	0.555506776666153	0.451160682550503	0.53594005626309	0.53517167466717	0.526688549462046	0.450293754416898	0.411276511238058	0.573847036959505	0.595142827053944	0.56181429148055	0.558583627276522	0.553395957559329	0.549236128659461	0.598083413855626	0.58153687717676	0.539154740473643	0.508756062425635	0.566212578236933	0.551040726097094	0.557379960659835	0.583609254821276	0.541923730519604	0.597126581647834	0.591173273441686	0.56473403382506	0.538441426614467
"J11"	0.561422353148013	0.58174056007802	0.598487012143386	0.581462304768826	0.576321352884695	0.531106373131519	0.570183035772198	0.528594628650488	0.577660422281523	0.524738449041253	0.576409917041285	0.573942699884607	0.542593915306692	0.560250352043658	0.543819106307489	0.569644955724948	0.573599895527844	0.593731661598772	0.600187049920189	0.576170816693995	0.571821996201127	0.550934326740505	0.593957650249617	0.577008063520143	0.589209939736915	0.574492163771986	0.594650416330954	0.562273582582982	0.562865737888764	0.542125263284779	0.551452868038473	0.54641564899734	0.525396202771194	0.452970986435103	0	0.48314882077235	0.571029077492203	0.485893425402111	0.559340761811752	0.541050222916949	0.541770736002341	0.475644239658052	0.44343197384048	0.575162154440413	0.577713502310298	0.570258564044295	0.553307608777211	0.544503145908895	0.544632412580533	0.58906308258109	0.560363408640608	0.547582544722964	0.533134421403393	0.557034455774954	0.552178530076496	0.548972391547804	0.571803184921269	0.52072591650165	0.596971536947896	0.582058004858771	0.565573794553595	0.535244561611732
"J2"	0.584064819880716	0.609998242506607	0.617335253355838	0.605292127977535	0.562054548508304	0.555880366624787	0.576593101379248	0.556658988987419	0.597595764478202	0.559957296730226	0.592710285934007	0.602456590094831	0.586352561163289	0.58883825227675	0.569878482976921	0.607727852432505	0.617248491237135	0.628502520951997	0.645005454497262	0.60552480184002	0.61365272467305	0.599725075954034	0.636050027879862	0.610315364691534	0.637840133076028	0.605732068583591	0.627711045215634	0.578697449945251	0.606078370071919	0.568378310049935	0.577224470010052	0.588974494210934	0.510895528705871	0.450303066194059	0.48314882077235	0	0.527497071033212	0.469816785345207	0.538964892064816	0.529324461775485	0.550735605833126	0.48385253289361	0.467727992080763	0.592310958948534	0.606796455103103	0.594587928228558	0.581929042677008	0.560273868747406	0.585621946163583	0.599574219186077	0.589359823832313	0.578790691082185	0.554708897493776	0.603676266220386	0.59620118027599	0.570797677874729	0.612511561993238	0.55619343835785	0.616783952027826	0.598329537626975	0.589372199468048	0.569037081111758
