A1	A2	A3	A4	ASTUR3	ASTUR4	ASTUR6	ASTUR_1	ASTUR2	ASTUR_5	HF_1	HF_2	HF_3	HF_4	HF_5	HF_6	D10	D11	D12	D13	D1	D3	D4	D6	D9	DA	D8	DC	DD	ASTUR_7	ASTUR_8	ASTUR_9	J1	J10	J11	J2	J3	J4	J5	J6	J7	J8	J9	S1	S2	S3	W13	W16	W10	W11	W12	W14	W15	W1	W2	W3	W4	W5	W6	W7	W8	W9
A1	0	0.665951512193954	0.668242043712126	0.647380262964734	0.805137204618582	0.766702729820484	0.822777357860707	0.779052983612754	0.851659362902719	0.801556367759449	0.788333892175472	0.760256143048492	0.785384463647013	0.790124557847394	0.811198282364047	0.77432014486663	0.783356898081576	0.77347810584849	0.804797921425812	0.770795105660737	0.784269289761765	0.756806489381662	0.775387009540481	0.820015888833169	0.785765636818478	0.887114947073402	0.766132758279978	0.763006227442866	0.750504413494897	0.821078881661791	0.77227027174229	0.821734870101999	0.891730383613394	0.772107315838626	0.799040776275499	0.831972913799992	0.925513780408381	0.858270321039236	0.902072896758871	0.87096160727103	0.923292610156403	0.760240335295088	0.760454768543102	0.785215694711943	0.767867339020978	0.761840019611765	0.746982215493705	0.770540462793873	0.870154575558673	0.934592039439716	0.946657103014727	0.773081455422409	0.764085822369168	0.766478591484337	0.748602591550553	0.762347685735143	0.771470064506516	0.890734922582032	0.789004217502978	0.924913400540191	0.783533190734844	0.866753870664441
A2	0.665951512193954	0	0.35066513140282	0.370808102825542	0.739742906885467	0.750345056745211	0.800325805723082	0.741952073645175	0.834009729836433	0.749603307665769	0.778650606460204	0.740903311004682	0.763556430029027	0.796502617866321	0.811338872518881	0.756828181959079	0.730683290610155	0.759404009702477	0.827247658569132	0.759523367431689	0.79192046816938	0.774433850940905	0.566796693468591	0.83271275827228	0.679205830634304	0.864950187576928	0.64213252583273	0.742570242883432	0.742081354012256	0.783305208978035	0.73000738159262	0.730809075406901	0.779272139656408	0.719601386378928	0.68289172102748	0.774331461193388	0.721247120241686	0.852892395329286	0.761312565226993	0.752277522485911	0.838590740165819	0.756131582698622	0.661522668365749	0.771798891615549	0.754591600546674	0.758508785833633	0.70512908576311	0.754775952933048	0.674211251569891	0.713063419133894	0.888001843903251	0.753456319680742	0.732890521226204	0.739169867112994	0.715124949287511	0.737871531166582	0.745777041569019	0.832265428273631	0.733326658661861	0.780923566988451	0.740207367228576	0.772041269454151
A3	0.668242043712126	0.35066513140282	0	0.166178122377895	0.774275411293095	0.719827196366094	0.793235983834045	0.73767206201648	0.831587059557182	0.790651953133786	0.768126069553558	0.733952009412048	0.75582183408815	0.792021474552521	0.80605772778642	0.751543408911174	0.75657907779484	0.807752360330486	0.810002518194368	0.754280814057391	0.773369164959895	0.74997821357372	0.805902162854739	0.876471982759602	0.791745764570717	0.914401339293974	0.789718460195801	0.726248031689514	0.715809384058973	0.796745818952798	0.72200110114871	0.80433047620693	0.779377219779233	0.697966174293648	0.644024065316418	0.757263855524828	0.886956036412075	0.843847306155863	0.79473289098314	0.756598198424474	0.83934809793494	0.747843972140456	0.642965759669606	0.754970060988963	0.731681415800663	0.744977023556582	0.644514836468281	0.733487251690753	0.728596007469025	0.966604990156476	0.969749598562345	0.737735601419101	0.714829456173509	0.706720729560573	0.675478044346626	0.706772646819368	0.72312794039634	0.864981863891833	0.76380027010349	0.944664336322479	0.728241109285275	0.848204659528005
A4	0.647380262964734	0.370808102825542	0.166178122377895	0	0.770963751557042	0.720925385419973	0.80391415234129	0.732480515430185	0.838080760189673	0.792794337868817	0.769384055818068	0.729547955543964	0.766827646050535	0.784005251827094	0.798691945545931	0.737136861675989	0.753922368928339	0.801562565065103	0.808800663374171	0.755082665917035	0.774504805571546	0.763620914467773	0.800136190900917	0.873498918689745	0.790334886363673	0.911749251199292	0.789133069231834	0.730971185781991	0.723883818159952	0.798673309835879	0.730530420159763	0.801460372584962	0.775351942252194	0.69485572512622	0.633452692098658	0.757840564781047	0.885983024066615	0.840057347076789	0.791449385723699	0.752482768984861	0.836862588040331	0.750393894491426	0.639426737374599	0.757485817346022	0.729493541349277	0.735564788812235	0.668924203250548	0.737786319353573	0.720781308859908	0.965918780878532	0.969137790067735	0.732734587474929	0.717331119692195	0.719622191604523	0.685900921954753	0.715817229201046	0.720059130466583	0.862371161913352	0.751773842014089	0.94427512077955	0.721159889284647	0.844832485699318
ASTUR3	0.805137204618582	0.739742906885467	0.774275411293095	0.770963751557042	0	0.344742153404668	0.603160940942413	0.481896239430318	0.64892806405049	0.564269585085609	0.570486005407262	0.632336523450748	0.686832529114168	0.652239494036292	0.685713227308269	0.598494794435219	0.70949066848761	0.729705435868678	0.777423618692053	0.698641780472135	0.759702282820518	0.731805025551024	0.713528340664996	0.696411396173933	0.718813688581267	0.74717174351414	0.71526310265058	0.657743747168615	0.6688997520031	0.609187649928607	0.540028060234846	0.576299496841507	0.86430030712527	0.683818499919805	0.721621163174988	0.707974875246417	0.870716024800009	0.798868895331828	0.875756864934931	0.819424079844742	0.893358863047757	0.59392636312466	0.635086440391849	0.678534092151293	0.628459317533759	0.660929366072495	0.598494309917609	0.667398996392823	0.787488282366051	0.905644976342715	0.924440796503533	0.653892532676392	0.63287262826221	0.658878703401302	0.649958793801081	0.609710770179613	0.687885985078479	0.859927521697638	0.621905523627182	0.881789666309736	0.655064554327185	0.80590988765022
ASTUR4	0.766702729820484	0.750345056745211	0.719827196366094	0.720925385419973	0.344742153404668	0	0.596062809235967	0.438441620473394	0.657752614018007	0.580009762449502	0.545790389608051	0.563833117963253	0.626390482564538	0.603620642504448	0.667675933367969	0.590926457661374	0.68508834302003	0.738965931887934	0.747436556818518	0.640842790246422	0.716282188120341	0.666431237468849	0.740681547065913	0.760839909154312	0.734794163346332	0.818352630527397	0.734259863179791	0.548332995438754	0.58706891479829	0.582010635724017	0.460683768327726	0.574021924740859	0.900336811116462	0.619439705454942	0.739652469615128	0.676437597846119	0.933887487478386	0.77525290019524	0.912891109043076	0.865862600108814	0.93832341139638	0.511380548467933	0.564456159456928	0.631712103022855	0.591005428799775	0.611739811952633	0.483714635429244	0.615837982742135	0.831524693836376	0.966506662250684	0.966250168007279	0.606112716546793	0.568910401538502	0.592418534176448	0.534823719633755	0.517456950826738	0.628793763877437	0.892182994564024	0.597729225110613	0.941006440939753	0.57771578212913	0.845227161075986
ASTUR6	0.822777357860707	0.800325805723082	0.793235983834045	0.80391415234129	0.603160940942413	0.596062809235967	0	0.626908287960722	0.195105957422948	0.725620387857259	0.724065913992074	0.703946611329099	0.421321040060104	0.416131837518592	0.671664635839101	0.761676718874676	0.755863972062497	0.784539717129324	0.790987421146911	0.739037719047673	0.774607754222643	0.72692761032058	0.780238054679366	0.833711483336999	0.772816894514734	0.872478587784425	0.776373602527006	0.706432388863605	0.707852674374988	0.746599208856904	0.603065496849427	0.748043189701861	0.908064527922782	0.744761816612477	0.794733627621862	0.775778264442567	0.936961998114829	0.801454112753193	0.923494025843936	0.876615475946924	0.941736058846353	0.687833286713293	0.711639171029352	0.732956266474757	0.727065640235643	0.741203775204382	0.681444660200943	0.743126972386193	0.854051813579355	0.964880901208932	0.964035111819559	0.725805683021719	0.71977003296612	0.709944586695973	0.710856571500842	0.687681732826771	0.742761022895603	0.90277188174505	0.732058778707708	0.941244140751542	0.726427542719435	0.856439233438786
ASTUR_1	0.779052983612754	0.741952073645175	0.73767206201648	0.732480515430185	0.481896239430318	0.438441620473394	0.626908287960722	0	0.702166095370312	0.423630895625849	0.512158568807364	0.543302841249411	0.60191019782306	0.561475128929695	0.622794818383769	0.501885466519591	0.603451289718902	0.655216901697208	0.690584937423511	0.572417637886946	0.66533466332981	0.600381419030167	0.669303662928008	0.617990178193923	0.650554263952903	0.688470780512184	0.651947401735539	0.467687251458652	0.545361553046535	0.510679774058283	0.382581351417106	0.478943058533971	0.892294025038352	0.651142535669097	0.750090248537762	0.708186747026276	0.922506287360294	0.772708006622343	0.908221661535925	0.852382796968994	0.929544720362449	0.549398796716275	0.557256973518846	0.613529256086665	0.605603035263461	0.589514577028107	0.496933217859372	0.610107716008799	0.815423181939855	0.952389998724294	0.953461336984438	0.608573225878423	0.571300554720187	0.574622427098932	0.512426183441065	0.518551652580906	0.594016550705697	0.878772943231112	0.566663215218439	0.925899541166344	0.538691909323848	0.82531924986059
ASTUR2	0.851659362902719	0.834009729836433	0.831587059557182	0.838080760189673	0.64892806405049	0.657752614018007	0.195105957422948	0.702166095370312	0	0.78229187828523	0.780199581871574	0.772118871345929	0.478106037778545	0.473942312936968	0.714039610882484	0.804764452697601	0.798367589537982	0.811382376698086	0.826853527756618	0.788503542237978	0.809773678090344	0.784561035651461	0.811075997198646	0.856477874607322	0.80939352473377	0.888360549437167	0.813007073887152	0.77235361562974	0.772057425721635	0.79889769177574	0.68133991651137	0.795290329112419	0.909485243837685	0.797969199863019	0.814604298715141	0.82154193644221	0.932396389526466	0.819154053217423	0.921345595001348	0.885945347296528	0.93742361577226	0.763122474158513	0.767253422996457	0.785207237915738	0.792905304297309	0.798422325753623	0.76224597587754	0.795920683168522	0.864135030259437	0.961092930123245	0.960264632020124	0.776434781383033	0.773359958469403	0.770615571019724	0.776617363187007	0.767311061588919	0.786111117744617	0.904227186759855	0.780632846268781	0.936833981734518	0.771131820626624	0.869865348641811
ASTUR_5	0.801556367759449	0.749603307665769	0.790651953133786	0.792794337868817	0.564269585085609	0.580009762449502	0.725620387857259	0.423630895625849	0.78229187828523	0	0.549555982225835	0.625073669170006	0.65730426646325	0.62937216352903	0.680202632490146	0.551054850636449	0.625591337191588	0.649262482024228	0.723686945622027	0.61740586860287	0.678555688081139	0.651379162891252	0.65357992922708	0.351919366338294	0.646554878759453	0.572777122964894	0.654593262599975	0.575214121677806	0.62542595428878	0.62207381583809	0.579639604638926	0.600707751209742	0.855885116647249	0.695991311318833	0.755173612153441	0.735880299567143	0.892903991603465	0.815744564922212	0.866695492245885	0.83353857048851	0.906423560332278	0.652432875853236	0.641496140486675	0.676220924367901	0.664657471886024	0.66864911241371	0.624339651863583	0.679591652529416	0.795273076537636	0.917909951042326	0.915736116587534	0.663463501434198	0.647112904612848	0.666270123515299	0.642682214265242	0.615278636407628	0.668154529015637	0.874280527771262	0.635452521050236	0.892206479837216	0.669274741371711	0.795225055726617
HF_1	0.788333892175472	0.778650606460204	0.768126069553558	0.769384055818068	0.570486005407262	0.545790389608051	0.724065913992074	0.512158568807364	0.780199581871574	0.549555982225835	0	0.49787551242458	0.608400154893552	0.573871993777113	0.594176425405809	0.471668998298754	0.636182233979243	0.656628417931756	0.691523234888042	0.585434826640622	0.67790993088344	0.650299866180157	0.68669977132594	0.684615687931161	0.677117915666869	0.762015378003428	0.673741361399199	0.527770791665514	0.621349839630707	0.609339854342265	0.565026713504668	0.607982134152628	0.903516539751182	0.659489486217988	0.778874590214032	0.684895615382668	0.943137108196648	0.777675340481362	0.914533655501755	0.880136155228643	0.945415735897016	0.582413297726273	0.627021595203541	0.44496803809038	0.490699193962472	0.57614236796813	0.575498033795356	0.575697077559686	0.833632752165667	0.970574670029391	0.968298738907371	0.611726006654648	0.575975766664559	0.590182975476244	0.591537389564006	0.53874298794287	0.667304517408156	0.893315106456614	0.573640996259188	0.947312633256683	0.62233990429857	0.850379110887583
HF_2	0.760256143048492	0.740903311004682	0.733952009412048	0.729547955543964	0.632336523450748	0.563833117963253	0.703946611329099	0.543302841249411	0.772118871345929	0.625073669170006	0.49787551242458	0	0.501314771315608	0.467922946861567	0.449360117006225	0.463358314637461	0.507110165127994	0.569124778668864	0.633806237139195	0.538954014619539	0.583084657459743	0.571908131864004	0.614751775586165	0.738187223610619	0.562644317175209	0.821553996006212	0.590287505727294	0.425613670980386	0.513265219759243	0.614677679368075	0.538652966719811	0.645799555911759	0.899267072600959	0.583391698364332	0.737534968881831	0.662711169944574	0.94278608728148	0.74642804438871	0.899695436612175	0.873051991370168	0.938380637845515	0.572572045432993	0.563120775812303	0.545080034766707	0.479515258369419	0.458120698781952	0.472062915944411	0.449619534913533	0.800114388921167	0.965313410072658	0.962317198208526	0.446497079672936	0.435483460918662	0.408812098819521	0.444821657497968	0.419633455617704	0.539464846936221	0.86899516951478	0.409685910758514	0.940833662133485	0.525481958487158	0.830814835775059
HF_3	0.785384463647013	0.763556430029027	0.75582183408815	0.766827646050535	0.686832529114168	0.626390482564538	0.421321040060104	0.60191019782306	0.478106037778545	0.65730426646325	0.608400154893552	0.501314771315608	0	0.251340660032118	0.574337840687904	0.609760002862492	0.592148512455622	0.651239237606667	0.682488407806662	0.605806161946918	0.646775506685979	0.620276894335245	0.655552526468607	0.758652934214676	0.605750935632898	0.838390087570554	0.638646513908139	0.547527883216033	0.560564168099905	0.69766248322384	0.532449755057035	0.704701317654127	0.902897352335071	0.676799459775174	0.766723205121842	0.728571471805822	0.936363083034057	0.763391229119014	0.908367811643474	0.87758924919597	0.937889038420453	0.630904468474614	0.647236908568746	0.610935161270424	0.581988084117311	0.59118962202974	0.570018514849652	0.563751304093863	0.801860050141386	0.961657954660613	0.958997089915007	0.569240848985009	0.571089854101278	0.488742340560575	0.540444388700835	0.514854630524093	0.614977814634016	0.873361312339635	0.581650855546806	0.933487986619731	0.611256024062175	0.830815691849568
HF_4	0.790124557847394	0.796502617866321	0.792021474552521	0.784005251827094	0.652239494036292	0.603620642504448	0.416131837518592	0.561475128929695	0.473942312936968	0.62937216352903	0.573871993777113	0.467922946861567	0.251340660032118	0	0.516758323201204	0.54631710679002	0.604676479603707	0.661336776236593	0.698584113981253	0.620686209530124	0.649630032457876	0.641414043187422	0.662651671995714	0.763602220656391	0.644659596597316	0.846751202720925	0.661823381326096	0.532778699638252	0.571354147741328	0.678009153968053	0.5448964525854	0.672008198533994	0.904909744609639	0.643316157520046	0.760087507670414	0.689172518904113	0.946596113240838	0.770335288515203	0.917429630836108	0.878821764850538	0.943461139922711	0.591645875496413	0.613485018260302	0.593698691286525	0.554058986384131	0.564827203771007	0.570422514400694	0.577094259655794	0.812703483509931	0.97057036092022	0.966481942392484	0.57752981492749	0.562287176829112	0.541884136916107	0.573529013501335	0.512613792181924	0.624334437141474	0.880081282122915	0.561800858431893	0.944693801457737	0.612706758730786	0.835614262648817
HF_5	0.811198282364047	0.811338872518881	0.80605772778642	0.798691945545931	0.685713227308269	0.667675933367969	0.671664635839101	0.622794818383769	0.714039610882484	0.680202632490146	0.594176425405809	0.449360117006225	0.574337840687904	0.516758323201204	0	0.588575223080235	0.638080478401726	0.648075910952934	0.687606205407489	0.668563179118165	0.616979744883052	0.607635990421036	0.682445709162533	0.747265307218953	0.671317628687584	0.818359938946684	0.706049627853711	0.659987295108272	0.700095358300945	0.595803807466626	0.609093387903643	0.706912524627715	0.909351844209942	0.705099429594928	0.794447795196031	0.636717158969963	0.946802119745066	0.65108374649993	0.907239628970054	0.88478560497752	0.943336190703991	0.683373020319889	0.693337196414914	0.671450098167617	0.665571004748456	0.678058506144985	0.681160338926074	0.487431668962148	0.841196812157464	0.971525761941609	0.966454641113478	0.630041313978121	0.598084773361965	0.625826240368892	0.659301722113044	0.622005962846087	0.666688293164787	0.892702591375098	0.51516889421619	0.946377189310711	0.665612098189834	0.850269182132661
HF_6	0.77432014486663	0.756828181959079	0.751543408911174	0.737136861675989	0.598494794435219	0.590926457661374	0.761676718874676	0.501885466519591	0.804764452697601	0.551054850636449	0.471668998298754	0.463358314637461	0.609760002862492	0.54631710679002	0.588575223080235	0	0.596995836467786	0.61924251645679	0.697703623572417	0.620362594666528	0.658814943862329	0.668124309301652	0.665613954028692	0.632153420900281	0.641413391621508	0.704050284347517	0.627020148115457	0.573380534374964	0.640306208473437	0.647142942268034	0.595402219792718	0.649901862541638	0.916550117347791	0.687462671587303	0.790519550912757	0.733730348817753	0.946082589881022	0.800761766417956	0.913034326849277	0.886380105613806	0.945124752628013	0.619163754453638	0.669233783250583	0.588898512104005	0.516740070316981	0.557069828503188	0.61090186586311	0.616078289523786	0.838701562910305	0.973456780000457	0.970200022493331	0.604308669960132	0.581819637219397	0.596064678657084	0.608600974236022	0.547405264742982	0.600102108447796	0.896851951707561	0.57321509754593	0.947383727234637	0.603491332439466	0.855796870727268
D10	0.783356898081576	0.730683290610155	0.75657907779484	0.753922368928339	0.70949066848761	0.68508834302003	0.755863972062497	0.603451289718902	0.798367589537982	0.625591337191588	0.636182233979243	0.507110165127994	0.592148512455622	0.604676479603707	0.638080478401726	0.596995836467786	0	0.347662889055015	0.484135179823394	0.362099871495888	0.404896337029893	0.386983953085484	0.383750232944157	0.625082896430544	0.329000560068644	0.709279061634393	0.346681661578066	0.466990086945366	0.526598125281463	0.719833714221289	0.642327299640464	0.720535316965384	0.861681518639246	0.710854666745987	0.744521250279634	0.757246115856821	0.885182957888856	0.793597744217181	0.857474519354572	0.837132228994788	0.895973729022629	0.693302114191251	0.666602427486179	0.648662069277114	0.623238261600288	0.619080700642805	0.622517494072698	0.583814915642431	0.799602321578648	0.910446712969995	0.914045937358091	0.581048793582803	0.585046615192897	0.557443431591789	0.566271692202517	0.575285233525995	0.596326626181788	0.856504063941507	0.516865232829043	0.889229900963476	0.613035046706334	0.813229358278216
D11	0.77347810584849	0.759404009702477	0.807752360330486	0.801562565065103	0.729705435868678	0.738965931887934	0.784539717129324	0.655216901697208	0.811382376698086	0.649262482024228	0.656628417931756	0.569124778668864	0.651239237606667	0.661336776236593	0.648075910952934	0.61924251645679	0.347662889055015	0	0.482629551414868	0.406212509636896	0.457739720871837	0.379462589304835	0.335352793630285	0.539430683088983	0.351015938611009	0.725550022401613	0.350723990875919	0.524528095723296	0.588242718681085	0.733989917997202	0.705873096955789	0.748975628595865	0.780054245808862	0.741415449200033	0.726076874476753	0.809095838230066	0.802012135626092	0.796432302852641	0.777303095904899	0.767863841454586	0.833340327279716	0.703548722013679	0.731098791751702	0.683122274603535	0.666772703748784	0.701844175461028	0.701424421760787	0.648086981179816	0.763523358260585	0.82022430715979	0.854056435755434	0.62372677498677	0.628325212738391	0.638402312946802	0.648502633873079	0.661888775394036	0.643394146449838	0.82475863005185	0.580333088094876	0.801449882676106	0.670950405122594	0.760621579471404
D12	0.804797921425812	0.827247658569132	0.810002518194368	0.808800663374171	0.777423618692053	0.747436556818518	0.790987421146911	0.690584937423511	0.826853527756618	0.723686945622027	0.691523234888042	0.633806237139195	0.682488407806662	0.698584113981253	0.687606205407489	0.697703623572417	0.484135179823394	0.482629551414868	0	0.533330839560045	0.499268250829252	0.504155406200695	0.513999110520658	0.695732150237285	0.41086174835303	0.820210201914859	0.531855376669301	0.600591536091665	0.606503869691102	0.798695074619578	0.735464207462805	0.806913252889339	0.89741463638672	0.785035190252012	0.810141821443791	0.822635842646181	0.920790532592706	0.838260133598088	0.908550355953084	0.879126747288411	0.923770635330433	0.760140680537041	0.753321739601286	0.700761220442345	0.707769269000091	0.727239156250717	0.704429565347288	0.639498383863269	0.848785341725629	0.948117077882128	0.948096318198203	0.638193612607275	0.635624324056226	0.631422780500412	0.651554697298561	0.659573419936763	0.688101413341324	0.884012616557001	0.624523928306116	0.930468441350422	0.691388637250376	0.853223244911814
D13	0.770795105660737	0.759523367431689	0.754280814057391	0.755082665917035	0.698641780472135	0.640842790246422	0.739037719047673	0.572417637886946	0.788503542237978	0.61740586860287	0.585434826640622	0.538954014619539	0.605806161946918	0.620686209530124	0.668563179118165	0.620362594666528	0.362099871495888	0.406212509636896	0.533330839560045	0	0.472563691348796	0.365193195846049	0.445938264032944	0.641507301881385	0.434873943397482	0.773746080744856	0.399487775950097	0.40768088172494	0.503047315563969	0.700248610512908	0.621859441784436	0.711907970695396	0.875857221777799	0.696993118657971	0.761201026764482	0.771551252120923	0.915392138344375	0.810256618420393	0.888494535702025	0.854421968885865	0.916346088106045	0.62797619541811	0.655942590450587	0.608850283057024	0.597661398488433	0.656179368072511	0.57780399121589	0.594292180356633	0.817353206290339	0.935947278941211	0.932430186787559	0.589436304326409	0.556789940722341	0.556771434626196	0.530735202909566	0.572371858498685	0.589098674753021	0.86830534935274	0.560455323849228	0.918107503651808	0.583527059730041	0.823791378568077
D1	0.784269289761765	0.79192046816938	0.773369164959895	0.774504805571546	0.759702282820518	0.716282188120341	0.774607754222643	0.66533466332981	0.809773678090344	0.678555688081139	0.67790993088344	0.583084657459743	0.646775506685979	0.649630032457876	0.616979744883052	0.658814943862329	0.404896337029893	0.457739720871837	0.499268250829252	0.472563691348796	0	0.417898985505859	0.449955808448055	0.686931930058568	0.418831976678505	0.794425061663777	0.469457362390603	0.532914640727284	0.587103246298166	0.762271457037318	0.696506663056547	0.770397831815984	0.899691846594862	0.703472622946544	0.763947069672664	0.753652305780799	0.922296137147318	0.790283947855019	0.88049592090007	0.881760316732334	0.917938899309987	0.727031204806156	0.685308490183452	0.681299564523404	0.670560630248228	0.702341983849168	0.672279653777191	0.589828806013644	0.834356178998981	0.9521951002922	0.95173243116086	0.604302835068674	0.598792645685934	0.591431834666547	0.615278780892996	0.648772939629044	0.618954279955035	0.850192352054429	0.542170713025387	0.930961770042837	0.640785007886709	0.851067892090424
D3	0.756806489381662	0.774433850940905	0.74997821357372	0.763620914467773	0.731805025551024	0.666431237468849	0.72692761032058	0.600381419030167	0.784561035651461	0.651379162891252	0.650299866180157	0.571908131864004	0.620276894335245	0.641414043187422	0.607635990421036	0.668124309301652	0.386983953085484	0.379462589304835	0.504155406200695	0.365193195846049	0.417898985505859	0	0.438618200417598	0.651621976109309	0.434731989147857	0.784571548344379	0.423130364041306	0.508157032619309	0.521534194448917	0.721546726043671	0.64674121689931	0.749059681115162	0.883424085880979	0.6951400696644	0.776934718215797	0.76874566641357	0.923755312744844	0.799724225266867	0.890750476917216	0.865264913185448	0.921484016515794	0.650634313607016	0.675910902371875	0.666035824017135	0.681459358217943	0.683911524744687	0.598538386217168	0.551170077947596	0.831549886071319	0.946263996606765	0.945706721444047	0.586539284893332	0.553611520028175	0.580396193160658	0.557232467965619	0.595015425027817	0.610806848238793	0.872781011846367	0.541006254744196	0.921753006426459	0.64668402408674	0.836689608275147
D4	0.775387009540481	0.566796693468591	0.805902162854739	0.800136190900917	0.713528340664996	0.740681547065913	0.780238054679366	0.669303662928008	0.811075997198646	0.65357992922708	0.68669977132594	0.614751775586165	0.655552526468607	0.662651671995714	0.682445709162533	0.665613954028692	0.383750232944157	0.335352793630285	0.513999110520658	0.445938264032944	0.449955808448055	0.438618200417598	0	0.590435255410882	0.320373821442553	0.73368082335105	0.27213890157393	0.564201871399106	0.594338673834874	0.747009719806507	0.700997795185196	0.698792446528419	0.8110328020558	0.753989929313864	0.718099198488359	0.799026693834425	0.72888676285307	0.824410638505064	0.799720227402511	0.789322625806112	0.859576366776388	0.710636900751129	0.725915424265314	0.706431472642399	0.693373886940904	0.716976844370874	0.697580338445757	0.643805581525705	0.689351103693614	0.695476495375307	0.849967121496099	0.620228348180007	0.636311524860729	0.627513617435826	0.647691274418028	0.662950547986003	0.653532379373629	0.828862245110188	0.579742338263769	0.741884579738051	0.67191967034895	0.751712854771425
D6	0.820015888833169	0.83271275827228	0.876471982759602	0.873498918689745	0.696411396173933	0.760839909154312	0.833711483336999	0.617990178193923	0.856477874607322	0.351919366338294	0.684615687931161	0.738187223610619	0.758652934214676	0.763602220656391	0.747265307218953	0.632153420900281	0.625082896430544	0.539430683088983	0.695732150237285	0.641507301881385	0.686931930058568	0.651621976109309	0.590435255410882	0	0.633299106802151	0.42755903624913	0.623564398994483	0.743926846270665	0.739915598892725	0.74358480775639	0.724807689304473	0.738479322505083	0.783562632478887	0.818534734696427	0.769687750539267	0.82140823695458	0.825272846240805	0.841466740754605	0.800173197732263	0.776019518861886	0.847897358147589	0.794028831034403	0.804245503216118	0.810481732735322	0.792158146502814	0.780116526958248	0.81128693327444	0.745548706572217	0.803146627893427	0.829317789513952	0.876337881405834	0.746829703242695	0.727158283377604	0.747738820333556	0.769611312554382	0.759791529928142	0.758738877046248	0.84818363653006	0.708212945103801	0.825045460074105	0.798169607214115	0.799935502733675
D9	0.785765636818478	0.679205830634304	0.791745764570717	0.790334886363673	0.718813688581267	0.734794163346332	0.772816894514734	0.650554263952903	0.80939352473377	0.646554878759453	0.677117915666869	0.562644317175209	0.605750935632898	0.644659596597316	0.671317628687584	0.641413391621508	0.329000560068644	0.351015938611009	0.41086174835303	0.434873943397482	0.418831976678505	0.434731989147857	0.320373821442553	0.633299106802151	0	0.752968242193047	0.284111498022474	0.546855916956876	0.566068698826788	0.750827568790394	0.702857628544872	0.725409968459486	0.832957080025689	0.763585630693861	0.745840093520813	0.802203581607461	0.802652119774635	0.823285813086721	0.816859347338523	0.811796868424078	0.876115668722283	0.737255114469022	0.739900405832886	0.695689752343863	0.685019831381967	0.683806995107235	0.683813029652813	0.626545288236273	0.731308649520403	0.816412933363717	0.868962740957763	0.614807135721009	0.637307700124556	0.596560853892621	0.630004412333989	0.64444809338256	0.65322392872724	0.848220466317797	0.573447023171517	0.807730399865668	0.683834517124795	0.773480426825125
DA	0.887114947073402	0.864950187576928	0.914401339293974	0.911749251199292	0.74717174351414	0.818352630527397	0.872478587784425	0.688470780512184	0.888360549437167	0.572777122964894	0.762015378003428	0.821553996006212	0.838390087570554	0.846751202720925	0.818359938946684	0.704050284347517	0.709279061634393	0.725550022401613	0.820210201914859	0.773746080744856	0.794425061663777	0.784571548344379	0.73368082335105	0.42755903624913	0.752968242193047	0	0.747011857793272	0.838430817871738	0.840106153059256	0.794795263648152	0.786866865189316	0.784004114186602	0.878752604272054	0.856394592844421	0.83732961484588	0.858212163452791	0.889246114318677	0.881398992175817	0.872216770607674	0.874330497564828	0.898870270700204	0.849715478369237	0.843534689951145	0.878307335889599	0.85945613071204	0.849199889822301	0.874340801900974	0.842703233183416	0.83978621942213	0.90721824406043	0.908059168408689	0.833687229283472	0.837860671140343	0.840061448189849	0.849783571409233	0.83573590696313	0.837395537361413	0.88103423265451	0.798002604574207	0.887612072296881	0.865758222796687	0.8556602641478
D8	0.766132758279978	0.64213252583273	0.789718460195801	0.789133069231834	0.71526310265058	0.734259863179791	0.776373602527006	0.651947401735539	0.813007073887152	0.654593262599975	0.673741361399199	0.590287505727294	0.638646513908139	0.661823381326096	0.706049627853711	0.627020148115457	0.346681661578066	0.350723990875919	0.531855376669301	0.399487775950097	0.469457362390603	0.423130364041306	0.27213890157393	0.623564398994483	0.284111498022474	0.747011857793272	0	0.526492818748258	0.57473666059746	0.755166732599958	0.691742753895291	0.730402522512765	0.831755710650985	0.759677127349263	0.749953036146204	0.813897105875083	0.777961485779597	0.827770325195827	0.814543309391401	0.815948531157714	0.878750700679403	0.720906629782742	0.730246187024171	0.693528263119956	0.679886992473111	0.691251296060307	0.678460401303082	0.659270962004197	0.722182699881944	0.784388551154807	0.869587716305583	0.64333511611641	0.654857453901567	0.623930156703449	0.622907842069519	0.650049626207978	0.63279928115159	0.85137133379336	0.59923256395265	0.78892969796874	0.663081218683687	0.776744559082666
DC	0.763006227442866	0.742570242883432	0.726248031689514	0.730971185781991	0.657743747168615	0.548332995438754	0.706432388863605	0.467687251458652	0.77235361562974	0.575214121677806	0.527770791665514	0.425613670980386	0.547527883216033	0.532778699638252	0.659987295108272	0.573380534374964	0.466990086945366	0.524528095723296	0.600591536091665	0.40768088172494	0.532914640727284	0.508157032619309	0.564201871399106	0.743926846270665	0.546855916956876	0.838430817871738	0.526492818748258	0	0.378844398289521	0.638043400969655	0.534718388037756	0.633049660474801	0.885678101363781	0.603641099212843	0.744746215590294	0.705850904663485	0.92840764705736	0.78288837523236	0.895931888535356	0.860851577879769	0.929652372088524	0.542746999021554	0.554026911524612	0.530059538485435	0.483043633354425	0.504855715574687	0.404939568073086	0.517791790146036	0.805385557286502	0.95427299893016	0.951252234913641	0.4911299627634	0.474109890351037	0.476246299733885	0.3819181345557	0.440817409621442	0.520695955364947	0.869090901250523	0.43605891669679	0.930065222433751	0.431785948248833	0.825402337564696
DD	0.750504413494897	0.742081354012256	0.715809384058973	0.723883818159952	0.6688997520031	0.58706891479829	0.707852674374988	0.545361553046535	0.772057425721635	0.62542595428878	0.621349839630707	0.513265219759243	0.560564168099905	0.571354147741328	0.700095358300945	0.640306208473437	0.526598125281463	0.588242718681085	0.606503869691102	0.503047315563969	0.587103246298166	0.521534194448917	0.594338673834874	0.739915598892725	0.566068698826788	0.840106153059256	0.57473666059746	0.378844398289521	0	0.689962284307743	0.575089198782705	0.666071223699972	0.877202013469689	0.645832571391656	0.749901198543875	0.743482668298552	0.915438421872737	0.80907403665814	0.896008252733455	0.844677778256439	0.915568867817934	0.604132001583313	0.59570558040906	0.614090546279312	0.558683952744751	0.549609395106934	0.436513860975945	0.517460277544162	0.786350029596566	0.938361424285239	0.937254627895687	0.512559672782783	0.495909880366273	0.480805425928881	0.416769556569811	0.455879582030231	0.524877931082205	0.84615339254564	0.517669733696677	0.913527565023518	0.509631286716945	0.810485607022059
ASTUR_7	0.821078881661791	0.783305208978035	0.796745818952798	0.798673309835879	0.609187649928607	0.582010635724017	0.746599208856904	0.510679774058283	0.79889769177574	0.62207381583809	0.609339854342265	0.614677679368075	0.69766248322384	0.678009153968053	0.595803807466626	0.647142942268034	0.719833714221289	0.733989917997202	0.798695074619578	0.700248610512908	0.762271457037318	0.721546726043671	0.747009719806507	0.74358480775639	0.750827568790394	0.794795263648152	0.755166732599958	0.638043400969655	0.689962284307743	0	0.373172062630408	0.37949898866738	0.883083122799869	0.665740472512106	0.758396389663423	0.613276517313812	0.9108073908455	0.619228775288555	0.878114783690116	0.837946299722816	0.919246182473752	0.64485062470049	0.643300353804875	0.726513666742976	0.695984786432009	0.668634782284001	0.646488594916037	0.550589139550144	0.821270502920254	0.940304655141873	0.946504077296568	0.686217501637814	0.673661451962998	0.699470684358701	0.649152880871389	0.631264831910027	0.676929850332316	0.875435611690523	0.642595729974005	0.917381118942725	0.66695042040302	0.830119739177592
ASTUR_8	0.77227027174229	0.73000738159262	0.72200110114871	0.730530420159763	0.540028060234846	0.460683768327726	0.603065496849427	0.382581351417106	0.68133991651137	0.579639604638926	0.565026713504668	0.538652966719811	0.532449755057035	0.5448964525854	0.609093387903643	0.595402219792718	0.642327299640464	0.705873096955789	0.735464207462805	0.621859441784436	0.696506663056547	0.64674121689931	0.700997795185196	0.724807689304473	0.702857628544872	0.786866865189316	0.691742753895291	0.534718388037756	0.575089198782705	0.373172062630408	0	0.422272106684597	0.887506828394112	0.624637927484725	0.737116740539576	0.697489202722606	0.922094568425456	0.757039589377152	0.895707693292323	0.848755594941933	0.929251083780743	0.549383765934334	0.568737198948597	0.642911530912162	0.587954315279227	0.567074719624008	0.506131267433204	0.554350881006619	0.802500036318905	0.953908786067197	0.954065032047421	0.569157855300428	0.540704381460549	0.51520324088514	0.488603998792405	0.474552796169649	0.568606818592742	0.874385867296378	0.55349332797646	0.926866919392417	0.537306372544996	0.827321711062077
ASTUR_9	0.821734870101999	0.730809075406901	0.80433047620693	0.801460372584962	0.576299496841507	0.574021924740859	0.748043189701861	0.478943058533971	0.795290329112419	0.600707751209742	0.607982134152628	0.645799555911759	0.704701317654127	0.672008198533994	0.706912524627715	0.649901862541638	0.720535316965384	0.748975628595865	0.806913252889339	0.711907970695396	0.770397831815984	0.749059681115162	0.698792446528419	0.738479322505083	0.725409968459486	0.784004114186602	0.730402522512765	0.633049660474801	0.666071223699972	0.37949898866738	0.422272106684597	0	0.857085257667312	0.67082552577116	0.73751333461343	0.6978687841526	0.86952332094117	0.788019712410488	0.867239716862511	0.808680479376668	0.910021896350143	0.624567334951015	0.653702668803224	0.73498122991911	0.669990860004993	0.656235344855784	0.618970830992487	0.655563127063322	0.777329602380855	0.88530233603994	0.918186245891005	0.67993174054858	0.66043652995806	0.690606365972485	0.638463321120852	0.620844132660011	0.687905083872215	0.874938832233418	0.616727595405598	0.882275615486046	0.641643611348588	0.798992428241487
J1	0.891730383613394	0.779272139656408	0.779377219779233	0.775351942252194	0.86430030712527	0.900336811116462	0.908064527922782	0.892294025038352	0.909485243837685	0.855885116647249	0.903516539751182	0.899267072600959	0.902897352335071	0.904909744609639	0.909351844209942	0.916550117347791	0.861681518639246	0.780054245808862	0.89741463638672	0.875857221777799	0.899691846594862	0.883424085880979	0.8110328020558	0.783562632478887	0.832957080025689	0.878752604272054	0.831755710650985	0.885678101363781	0.877202013469689	0.883083122799869	0.887506828394112	0.857085257667312	0	0.759103429130021	0.519480878187644	0.752377770964777	0.576184919509532	0.832535047179033	0.448705386886331	0.262945207188769	0.573664222070193	0.828425349984603	0.729723701816287	0.924416868687251	0.922414884813528	0.913761538715582	0.905894390723107	0.888645310657589	0.597414301575721	0.611302892988981	0.789394879661742	0.884256939502674	0.875577251849932	0.903268245059215	0.90435980131474	0.906015131016157	0.896793274329854	0.741792938173077	0.857348596638682	0.682239300585276	0.893925175860965	0.71349548818463
J10	0.772107315838626	0.719601386378928	0.697966174293648	0.69485572512622	0.683818499919805	0.619439705454942	0.744761816612477	0.651142535669097	0.797969199863019	0.695991311318833	0.659489486217988	0.583391698364332	0.676799459775174	0.643316157520046	0.705099429594928	0.687462671587303	0.710854666745987	0.741415449200033	0.785035190252012	0.696993118657971	0.703472622946544	0.6951400696644	0.753989929313864	0.818534734696427	0.763585630693861	0.856394592844421	0.759677127349263	0.603641099212843	0.645832571391656	0.665740472512106	0.624637927484725	0.67082552577116	0.759103429130021	0	0.474023481796963	0.448677728558499	0.841239186895055	0.560424477276013	0.770009305057807	0.741959271568542	0.832505388435961	0.395288126381803	0.324913212828579	0.675310850960127	0.641422273916096	0.647778855754557	0.572779651009766	0.611831570250718	0.706890680190979	0.947648889611217	0.942875676301807	0.610903254225037	0.595509794331948	0.624294918390534	0.595607465466108	0.588397313827554	0.64726808267004	0.773558254863069	0.613938047063158	0.905924113364093	0.642481805174633	0.777179508987299
J11	0.799040776275499	0.68289172102748	0.644024065316418	0.633452692098658	0.721621163174988	0.739652469615128	0.794733627621862	0.750090248537762	0.814604298715141	0.755173612153441	0.778874590214032	0.737534968881831	0.766723205121842	0.760087507670414	0.794447795196031	0.790519550912757	0.744521250279634	0.726076874476753	0.810141821443791	0.761201026764482	0.763947069672664	0.776934718215797	0.718099198488359	0.769687750539267	0.745840093520813	0.83732961484588	0.749953036146204	0.744746215590294	0.749901198543875	0.758396389663423	0.737116740539576	0.73751333461343	0.519480878187644	0.474023481796963	0	0.589038636926028	0.725562971455993	0.69527557802993	0.587316739240384	0.502420119549169	0.690678486327164	0.572117199240668	0.515581192389654	0.799152181490419	0.779578256762263	0.776704010163314	0.750214977201391	0.758406839488343	0.550576668102861	0.816726688870382	0.860170615567239	0.756788821949102	0.75656996941495	0.765486239967817	0.756393805304623	0.75108787250346	0.76554927239602	0.709371991915769	0.724154326765437	0.778683823492264	0.751050097367351	0.709489388115138
J2	0.831972913799992	0.774331461193388	0.757263855524828	0.757840564781047	0.707974875246417	0.676437597846119	0.775778264442567	0.708186747026276	0.82154193644221	0.735880299567143	0.684895615382668	0.662711169944574	0.728571471805822	0.689172518904113	0.636717158969963	0.733730348817753	0.757246115856821	0.809095838230066	0.822635842646181	0.771551252120923	0.753652305780799	0.76874566641357	0.799026693834425	0.82140823695458	0.802203581607461	0.858212163452791	0.813897105875083	0.705850904663485	0.743482668298552	0.613276517313812	0.697489202722606	0.6978687841526	0.752377770964777	0.448677728558499	0.589038636926028	0	0.836152648514097	0.544548325665841	0.774479034933373	0.741160861353007	0.835726230094585	0.562463237200606	0.450000082099311	0.734337642179419	0.705818534274222	0.71032821216443	0.68969754125917	0.59339251761037	0.742288905283584	0.942126652575613	0.935907117320784	0.706802121534613	0.704834220353188	0.71738954303189	0.707562238322278	0.676635996659477	0.733377799541582	0.800758736544926	0.6986456462378	0.902755684030339	0.726407467112601	0.802360620591867
