A1	A2	A3	A4	ASTUR3	ASTUR4	ASTUR6	ASTUR_1	ASTUR2	ASTUR_5	HF_1	HF_2	HF_3	HF_4	HF_5	HF_6	D10	D11	D12	D13	D1	D3	D4	D6	D9	DA	D8	DC	DD	ASTUR_7	ASTUR_8	ASTUR_9	J1	J10	J11	J2	J3	J4	J5	J6	J7	J8	J9	S1	S2	S3	W13	W16	W10	W11	W12	W14	W15	W1	W2	W3	W4	W5	W6	W7	W8	W9
A1	0	0.953440627027511	0.952186420800478	0.908022348005229	1.13769017318049	1.07271616537873	1.18978618550578	1.09070638327471	1.2276426470694	1.13336552775814	1.111665083953	1.07131852753622	1.12142162111664	1.12774397345734	1.17752820527374	1.10382777571214	1.10811168200908	1.09912913949607	1.15913830614864	1.08677198009105	1.11174388302821	1.05313999079754	1.11641178892571	1.17698612432184	1.11851839997567	1.24173727128489	1.08536008479607	1.05311702693637	1.06848374534821	1.15085069343018	1.08568686546259	1.14499329953502	1.20521341723459	1.09539053086658	1.12763949904605	1.15679226228745	1.26743410316477	1.21764474004707	1.23512188064913	1.18756682047704	1.26055056803384	1.08412696401333	1.06862295833564	1.11074080253112	1.09166227822847	1.06285123138902	1.02110376111739	1.10119491108295	1.21216074408758	1.2709073292586	1.31764605163386	1.0940755443452	1.06511068013584	1.06589109366799	1.02459214662581	1.06953536537027	1.09456818322378	1.24608137794022	1.11033893226849	1.27591048930712	1.08572534714572	1.21582254181288
A2	0.953440627027511	0	0.585180563960155	0.631579655849086	1.0546459532423	1.07086241512021	1.1576233895032	1.0521710028495	1.19105527912818	1.04462016511512	1.10840157819143	1.04025485497793	1.08355684886592	1.11670271279957	1.15332785617043	1.09572039735284	1.02551433008214	1.0692353634529	1.16920749373049	1.05890398062079	1.09472708532049	1.10914290807784	0.928627802995408	1.15750231778075	0.992089665594727	1.19274413111439	0.966125312202003	1.0218731495853	1.04980582668238	1.10404573233719	1.05641671534175	1.02838356743199	1.05270151197243	1.03297167348443	0.92604218178413	1.0718129961243	1.0786502292632	1.18667954012354	1.06025671082238	1.03276808354753	1.1508964978681	1.05649170919745	0.948727670741758	1.09472346986935	1.09601517033117	1.07730627455345	0.991584767854445	1.09885069652606	0.96822540513739	1.10706643775854	1.2180023969549	1.08720979612153	1.05860660792289	1.05715979186553	1.02846798983602	1.0650484588289	1.05274659102996	1.15347471964855	1.02498464555871	1.13178135791461	1.03598231568531	1.07802005991249
A3	0.952186420800478	0.585180563960155	0	0.297682225118499	1.11376559472827	1.04177133170492	1.16273308688328	1.05593276019346	1.205571196932	1.11487083700975	1.09921784325292	1.04881906677258	1.09744873052921	1.12446919520867	1.15227162212452	1.0785994486269	1.09745639867	1.15361056598161	1.17042557578351	1.09011336273275	1.10137712832157	1.09617375672925	1.15319333489175	1.22936773173993	1.13018609489604	1.26230075846722	1.1279729443881	1.03570466026921	1.05471173490697	1.13984188622015	1.06713072584531	1.13277440413279	1.08523254709314	0.962110680799999	0.921346049909998	1.03773648670366	1.21089306452063	1.15611650293208	1.12016221957774	1.06901020412295	1.19281205000335	1.04808743795539	0.910033929782916	1.07522624269178	1.05032165903296	1.06336403094351	0.959420129826495	1.08281036421816	1.05909853676587	1.30627830049398	1.31503200382757	1.07598304553319	1.04617264922275	1.03952992429562	0.99476317916698	1.0455589208099	1.05390615477561	1.17924223546365	1.09200884339864	1.2742487913618	1.049837483218	1.15442172270284
A4	0.908022348005229	0.631579655849086	0.297682225118499	0	1.12511472929003	1.05101606319957	1.17241973098484	1.06139298287857	1.21136302920474	1.12948942799395	1.11245697991105	1.05024077841862	1.10712821509412	1.12512586629141	1.15324494886264	1.07532891982581	1.09672474460353	1.15117854795791	1.16567446373474	1.09514704613627	1.10199888949698	1.10467090438775	1.15996912866522	1.22766945006751	1.13411847860937	1.2703771527764	1.13297133120344	1.04259148567465	1.05833161323194	1.15014698345939	1.08036653134788	1.1454357248822	1.0771535831479	0.975100926571531	0.922946726364039	1.04778123780349	1.21356727176199	1.15809244886492	1.12100287228927	1.0654540609278	1.18971406061372	1.06838002131089	0.921563437267413	1.09109040781302	1.05927034830888	1.05897257382179	0.981646081994648	1.09065433616483	1.06410586284714	1.30251607479823	1.30913189790985	1.07965093717714	1.05170295763971	1.04799680796238	1.00288889399497	1.05103215312872	1.05658822294185	1.17503924714861	1.0939021819429	1.27090333645754	1.05096296843506	1.15167301008938
ASTUR3	1.13769017318049	1.0546459532423	1.11376559472827	1.12511472929003	0	0.511112502420414	0.820457727319206	0.708863552200982	0.873349680202043	0.873350974235577	0.821708275037886	0.907394185991348	0.9223765582065	0.917623658871626	0.988583238964678	0.875326443335184	0.996926885995644	1.01500544646915	1.10723563685295	0.984105359855941	1.04745462090049	1.01796920333852	0.979836070487161	1.0111220321516	1.00241830973521	0.986726046570815	0.997977977338385	0.880263121824584	0.940471803979126	0.880119258702476	0.770490943424283	0.833867434290706	1.17284596480493	0.985224970034767	1.0511155560736	1.0025117296266	1.17343378856984	1.09393113502679	1.18690315131477	1.14073925973391	1.21759893091579	0.874977286890149	0.923316142129293	0.954383238168859	0.914905737793184	0.928751230350948	0.82296634289782	0.957566932117851	1.09949338400635	1.21126744417812	1.2674603065353	0.941359502798139	0.898276800682276	0.938245015396331	0.909415009921712	0.876243887702996	0.952382195837152	1.19051709805433	0.894500433240089	1.19159332380601	0.913525383564379	1.13404418732746
ASTUR4	1.07271616537873	1.07086241512021	1.04177133170492	1.05101606319957	0.511112502420414	0	0.841157896967191	0.644998421644432	0.902776046467177	0.861160893264662	0.76300757810279	0.811628926193101	0.861332536899228	0.846389136463017	0.923540708140858	0.823647887583667	0.942742083587437	1.00966050884226	1.06060464971685	0.906432353054125	0.979122265363167	0.941166075083518	1.01598500586359	1.04703979338376	1.00812018143584	1.05198814238676	1.00519227702483	0.775348628696825	0.880509096408177	0.82160863735645	0.693754510372233	0.8232532084435	1.19790331968955	0.906133791576551	1.0344870769096	0.953873719710738	1.23932136464404	1.03798488576475	1.21432688059934	1.1665899986243	1.24845066575223	0.793346319256796	0.836786337715924	0.882855591505826	0.846805379349521	0.86673252634563	0.700935434797837	0.870943269861556	1.13182486212326	1.28902025150095	1.30419389801801	0.879770878243953	0.825624775727914	0.848901675682636	0.782736815476104	0.774700474586736	0.889235654670525	1.19926228192885	0.852933722676866	1.25189583040525	0.838002538919306	1.1493856862747
ASTUR6	1.18978618550578	1.1576233895032	1.16273308688328	1.17241973098484	0.820457727319206	0.841157896967191	0	0.822399714938141	0.317599015902931	1.04371365480808	0.988134157960958	0.98628782338009	0.642308549786748	0.636980141954727	0.927870881703934	1.06049138138542	1.08182095974726	1.11277337926907	1.15677236934396	1.06735782198664	1.10736749227439	1.07989289169477	1.09344224922614	1.14997827130817	1.1028333063852	1.15781868740737	1.09757347404793	0.991529002807121	1.04401332993525	1.02998826804031	0.808420763955951	1.03875018177652	1.254641660166	1.07668204906523	1.11787232554222	1.1009692698358	1.27636015704325	1.09333123678749	1.26807289794995	1.23155556802462	1.29368069313418	0.98849773294158	0.999686732994263	1.01335895423894	1.03151349498587	1.01341121169745	0.95293186646449	1.04599655274617	1.18604187998407	1.3049768617708	1.32054792481871	1.0402555796008	1.02233016382817	0.954739287844185	0.956525578115453	0.966522792228967	1.00142197759635	1.26003378483619	0.999704211118789	1.28553285850676	0.953646568426144	1.21297581719323
ASTUR_1	1.09070638327471	1.0521710028495	1.05593276019346	1.06139298287857	0.708863552200982	0.644998421644432	0.822399714938141	0	0.898453466953034	0.721147589957832	0.70500873902103	0.739276323804715	0.763574711396514	0.729494340524695	0.829886927338789	0.719228002051187	0.850059163371839	0.903366941504467	0.995450201970393	0.830859209260081	0.908919946605825	0.850723840674296	0.914657195923697	0.910243024422415	0.916629362673674	0.883256003573306	0.914021395369555	0.696143244315151	0.835169574434736	0.723591885034893	0.556668840574281	0.658393667339307	1.20022850357436	0.930122410663506	1.04438166387656	0.977014483611671	1.23707759079476	1.05366586090701	1.22059899139631	1.16291867343483	1.26157762578402	0.81404153627422	0.842032287433351	0.836296240564897	0.807708851162182	0.800174698480633	0.702306583500503	0.843044191288965	1.10981787483858	1.27209964443473	1.29558331574234	0.853754423696854	0.80232460580135	0.800249026562275	0.744660144461366	0.736255304794292	0.835896897197157	1.20085475577336	0.773800051531452	1.23913691358452	0.793085203320642	1.13747132301642
ASTUR2	1.2276426470694	1.19105527912818	1.205571196932	1.21136302920474	0.873349680202043	0.902776046467177	0.317599015902931	0.898453466953034	0	1.10554278115332	1.05596414556441	1.04870257047618	0.653534105236809	0.654747528953894	0.951258441833331	1.12308016802314	1.12911887172633	1.1525631595792	1.19574378862351	1.1199883738005	1.1511693441609	1.13398112569274	1.12895636578732	1.1885224840073	1.14153836163147	1.20128452709599	1.13918619154612	1.07320166182367	1.1085454773088	1.07960107301544	0.867235108057064	1.09026250794416	1.26688346779102	1.12715238903462	1.14840527602737	1.1431330312284	1.2805597089695	1.10843796268685	1.27978399036555	1.2514809439783	1.30048236355329	1.05416666366833	1.04934559118229	1.06965474186737	1.09957238144386	1.08164868803418	1.03988562240486	1.09981318726748	1.20710362244516	1.30762347049722	1.32524602109344	1.09004950962997	1.07944726697256	1.00954114775949	1.02656387953658	1.03925244002459	1.05289618379197	1.27351019912418	1.06224826870473	1.29173712142167	1.01300301533011	1.23681509082923
ASTUR_5	1.13336552775814	1.04462016511512	1.11487083700975	1.12948942799395	0.873350974235577	0.861160893264662	1.04371365480808	0.721147589957832	1.10554278115332	0	0.767905136830758	0.85058981430842	0.934251235829927	0.925339444556824	0.945428892293502	0.826512018648657	0.886056575423466	0.898562590782301	1.04837880401042	0.868936893972248	0.949401440621479	0.900560228307896	0.870374897173377	0.590156126095198	0.89988583296426	0.698042787016793	0.903789407929661	0.81841286999546	0.899482377586749	0.875360859654183	0.846861742146404	0.871522398551373	1.19479682772526	1.01010647443193	1.07995472557814	1.02445119795103	1.21484817148834	1.1094892403791	1.19917113370939	1.17457815143612	1.25158757485136	0.936318794820502	0.943295202182082	0.949109077419885	0.931953104155611	0.930957881771905	0.858365610221595	0.948954758391439	1.11157244186013	1.22587851496225	1.27598119988209	0.960163520069096	0.93437972793152	0.937470267758316	0.904432161975029	0.885619932131227	0.951140041376451	1.21130711492047	0.898501009666186	1.21081744283308	0.945553378524835	1.14444736076162
HF_1	1.111665083953	1.10840157819143	1.09921784325292	1.11245697991105	0.821708275037886	0.76300757810279	0.988134157960958	0.70500873902103	1.05596414556441	0.767905136830758	0	0.658049655736931	0.816579446961994	0.782405335056868	0.771730389934979	0.653560916011072	0.883972493690045	0.925053968243741	0.961097674444089	0.858410060602217	0.928377204070968	0.897465545707308	0.951708632374842	0.943593398445702	0.917678319645199	0.952127142131658	0.940813201824755	0.731400805767884	0.893204425978737	0.83894033357481	0.791810044796194	0.86719446276764	1.22598449226706	0.944076682537715	1.0935795905172	0.95447200987035	1.26851145367741	1.01405570149357	1.23564747776599	1.20457886150721	1.28984725833165	0.830525372667194	0.904139366632633	0.648091014292814	0.682363632974606	0.776495339386558	0.731548318545595	0.794636726249579	1.12762452241144	1.30339748855435	1.30484633999508	0.873637695958346	0.812587644610985	0.809711958014997	0.804084587590319	0.757086126745978	0.922954584649007	1.2101069274165	0.778293615329027	1.2641401592757	0.868772979716194	1.15554023367993
HF_2	1.07131852753622	1.04025485497793	1.04881906677258	1.05024077841862	0.907394185991348	0.811628926193101	0.98628782338009	0.739276323804715	1.04870257047618	0.85058981430842	0.658049655736931	0	0.719517801245327	0.699221899420475	0.572911168403699	0.64413988984611	0.744806666137167	0.824653505377365	0.930308882910088	0.775913640498025	0.79122599486126	0.813495846416137	0.855795589382701	0.996409433269907	0.822486200635894	1.05578946459263	0.838889399869021	0.595313603745123	0.802990794884763	0.798387745428609	0.728882142976367	0.896853213936089	1.20967903150287	0.873648881622164	1.05070958404124	0.930637552257386	1.25484739270527	0.975014624823861	1.20493946057259	1.19082889265868	1.26813116961388	0.853205344787865	0.819183737797178	0.759221140121948	0.722819127719632	0.66207180269006	0.660581475391858	0.648877982006472	1.08635901764282	1.28351413934455	1.2950932932826	0.71607605206933	0.659401284794899	0.629191789117149	0.643089102586085	0.648211607424533	0.761367891101342	1.17510320602396	0.611478749580319	1.25083211616474	0.760733404260378	1.12840094819815
HF_3	1.12142162111664	1.08355684886592	1.09744873052921	1.10712821509412	0.9223765582065	0.861332536899228	0.642308549786748	0.763574711396514	0.653534105236809	0.934251235829927	0.816579446961994	0.719517801245327	0	0.408892628174263	0.739820452372983	0.847884689312236	0.876561855410735	0.936781294868946	1.0219757110417	0.893562056567707	0.930719044609983	0.909078087834779	0.924917773612168	1.04469970925825	0.909159018440225	1.08002727070565	0.919405418870583	0.798581132636753	0.891239164359129	0.915007226031894	0.724523412555187	0.961502734942744	1.23987177041011	0.980892125528221	1.07769927609558	1.01556632811513	1.26511186729913	0.991541728034219	1.23984640777836	1.21387953548991	1.28548279612878	0.908792263711326	0.916741990819032	0.829130175323311	0.84169873649573	0.805743099801093	0.812117173905584	0.819961457290428	1.10789495125562	1.29109698357211	1.3014582688493	0.867000412975426	0.849662892583625	0.709639172846271	0.750482983044865	0.771442914676103	0.819961388989076	1.20632205458666	0.813711544389867	1.26029331655541	0.815700002538552	1.16100518310177
HF_4	1.12774397345734	1.11670271279957	1.12446919520867	1.12512586629141	0.917623658871626	0.846389136463017	0.636980141954727	0.729494340524695	0.654747528953894	0.925339444556824	0.782405335056868	0.699221899420475	0.408892628174263	0	0.731728448120657	0.802596643533842	0.906170735067508	0.967925027583439	1.04375583074596	0.913928315328025	0.947520879696374	0.942430634161005	0.963910839139974	1.0575371508855	0.95508412558434	1.08306352431388	0.963454114294848	0.786572368451961	0.902520102092118	0.911373410072054	0.722349719069478	0.957611074090281	1.23708221299545	0.969409055127282	1.07185517823489	1.0011914998444	1.27872294408671	1.00734657066605	1.25121613113424	1.22045845963819	1.29445807950788	0.884477397957913	0.897170131961266	0.806401886140175	0.827068529741341	0.783899742267865	0.807551557637678	0.860122680678467	1.1245881037364	1.30700865897615	1.30989087127902	0.892076649167528	0.864121235636388	0.750516226408598	0.783723229972473	0.775748234875345	0.872170166820064	1.21333377606902	0.834913914924864	1.27455250859044	0.817012372023032	1.16808096820747
HF_5	1.17752820527374	1.15332785617043	1.15227162212452	1.15324494886264	0.988583238964678	0.923540708140858	0.927870881703934	0.829886927338789	0.951258441833331	0.945428892293502	0.771730389934979	0.572911168403699	0.739820452372983	0.731728448120657	0	0.810758950982683	0.870504194647048	0.89541181305559	1.01234487984969	0.905227458966397	0.866792372813259	0.880884638280638	0.950303017740192	1.01087098689308	0.928223239890653	1.0397895060589	0.954342392208136	0.839511758542669	1.01151603522764	0.804440004777835	0.810124630055556	0.979100623027299	1.2397437059098	0.987104590660339	1.136686364575	0.960639218996061	1.28351227142978	0.872502298196022	1.22475283257948	1.24008515419236	1.29742493587947	0.98103215794058	0.944732191212345	0.947626629478076	0.953331870606817	0.949582830451295	0.908041486871253	0.717559120650572	1.1717736552471	1.31534070539504	1.31797729937646	0.879588178116256	0.83405859650902	0.828812719791627	0.850169648243254	0.868844372205901	0.876070828820089	1.2435454412247	0.72624358311564	1.28144615731124	0.893906138640199	1.19545868725158
HF_6	1.10382777571214	1.09572039735284	1.0785994486269	1.07532891982581	0.875326443335184	0.823647887583667	1.06049138138542	0.719228002051187	1.12308016802314	0.826512018648657	0.653560916011072	0.64413988984611	0.847884689312236	0.802596643533842	0.810758950982683	0	0.855745115304876	0.879106554301881	1.01872874017994	0.866879030792626	0.904004016049179	0.896595798556573	0.946696436544043	0.946362775826303	0.910496141405433	0.911389777303225	0.915946378609585	0.772393576614127	0.887066394775578	0.903864923904733	0.8162770646233	0.907829312360217	1.23754745428274	0.960538952365917	1.09645420184048	1.01634588200271	1.27758537216691	1.08561171004884	1.23919319025336	1.21615640376811	1.2898558781915	0.889368920067705	0.936183797367128	0.783227133383105	0.702345264878256	0.761300374456544	0.79924582145324	0.868725789813135	1.13105852455259	1.30683098767107	1.31126672047602	0.872937313522667	0.832652696164638	0.827761366066316	0.810494839812083	0.757436136269171	0.841021526236027	1.21041714205303	0.812376953853003	1.26597415435447	0.836073300188615	1.16330294837279
D10	1.10811168200908	1.02551433008214	1.09745639867	1.09672474460353	0.996926885995644	0.942742083587437	1.08182095974726	0.850059163371839	1.12911887172633	0.886056575423466	0.883972493690045	0.744806666137167	0.876561855410735	0.906170735067508	0.870504194647048	0.855745115304876	0	0.559299061232635	0.743629958601569	0.520329574673857	0.617380252022377	0.585592774981921	0.559375237301118	0.858906179387725	0.528354073128043	0.955425614264537	0.538807976015301	0.669298897001584	0.808305106413154	0.969088652739218	0.911634928729699	0.983234974375022	1.192829126795	1.00514521188153	1.06084492072704	1.0268914059385	1.21115454949876	1.05078037741761	1.18448228630223	1.17224714368532	1.23575668321138	0.980339423544773	0.932755967750669	0.916163879875539	0.891208719537093	0.87129223395623	0.852887870088371	0.821631568707936	1.09915821197341	1.21948426112647	1.27373185010932	0.861557247467039	0.843292978615005	0.789339372180559	0.78550545185729	0.823921604687158	0.811463821155805	1.18467282223242	0.74475479551574	1.21261303254357	0.850005154592702	1.14345050077604
D11	1.09912913949607	1.0692353634529	1.15361056598161	1.15117854795791	1.01500544646915	1.00966050884226	1.11277337926907	0.903366941504467	1.1525631595792	0.898562590782301	0.925053968243741	0.824653505377365	0.936781294868946	0.967925027583439	0.89541181305559	0.879106554301881	0.559299061232635	0	0.704251907069582	0.538072492216746	0.66647220887175	0.497882029574568	0.462513084442936	0.749776345522203	0.495367849802509	0.938228956877824	0.480921061020864	0.746737857360621	0.8509774547788	1.00361927379043	0.960704547357731	1.01426563845582	1.08734055197534	1.04437790590171	1.06521140184516	1.10078200211268	1.12908938362884	1.09811890207245	1.10573813994242	1.07175568896527	1.17570267872483	0.993259486222464	1.00715299699573	0.972144728020294	0.956458436634475	0.956341090270835	0.936996029107748	0.901260590487501	1.06078495470858	1.08894848139101	1.19810879539249	0.912908215982211	0.87714075751583	0.880317386987839	0.875342144346681	0.911434825250538	0.860750954976469	1.16142440105284	0.821802815147184	1.11293426404854	0.910735734583177	1.08280807063818
D12	1.15913830614864	1.16920749373049	1.17042557578351	1.16567446373474	1.10723563685295	1.06060464971685	1.15677236934396	0.995450201970393	1.19574378862351	1.04837880401042	0.961097674444089	0.930308882910088	1.0219757110417	1.04375583074596	1.01234487984969	1.01872874017994	0.743629958601569	0.704251907069582	0	0.740114445334177	0.786010464323426	0.753211673023042	0.781265578658624	0.974907804563614	0.57890249221655	1.11124910577906	0.7628530096456	0.84793460241943	0.894044871343217	1.10950859506301	1.03894908382011	1.11934850322696	1.2203664545031	1.12144637704507	1.16535482157412	1.16334941876011	1.25491241925024	1.17640479884305	1.23239023569775	1.20570395156904	1.26550418357343	1.08519363600749	1.071788185918	1.01328813201118	0.999474259465797	1.01182094890969	0.969937636967989	0.955723509079686	1.18102527267274	1.26449622806205	1.30478059949726	0.96718976349692	0.949755952028622	0.921217530475354	0.919119273300662	0.955375287173573	0.958097097386183	1.23741483511792	0.903425846452015	1.25770473862832	0.962887537841492	1.20093630489744
D13	1.08677198009105	1.05890398062079	1.09011336273275	1.09514704613627	0.984105359855941	0.906432353054125	1.06735782198664	0.830859209260081	1.1199883738005	0.868936893972248	0.858410060602217	0.775913640498025	0.893562056567707	0.913928315328025	0.905227458966397	0.866879030792626	0.520329574673857	0.538072492216746	0.740114445334177	0	0.656172974658871	0.49557629011346	0.607669461380842	0.874867854336197	0.580930296642875	1.03533700134073	0.570894244013389	0.6254470799227	0.790188368279614	0.975262768752273	0.907847727708285	0.984684328650164	1.18893474691278	0.995152329764754	1.07921085971902	1.06439723489185	1.22254637301806	1.09153713693531	1.1993549285857	1.16707306074721	1.24477763241954	0.914345418240458	0.953895088868057	0.863593771014256	0.855360509073866	0.891247058125743	0.803960196254306	0.850827760724018	1.11449138833545	1.23884144082469	1.27733367793885	0.867751577324812	0.797348299376163	0.798905945869003	0.763746162925856	0.821467923212759	0.820766090058969	1.19774348911342	0.785243697269629	1.2277563462014	0.825739872879607	1.14139258815605
D1	1.11174388302821	1.09472708532049	1.10137712832157	1.10199888949698	1.04745462090049	0.979122265363167	1.10736749227439	0.908919946605825	1.1511693441609	0.949401440621479	0.928377204070968	0.79122599486126	0.930719044609983	0.947520879696374	0.866792372813259	0.904004016049179	0.617380252022377	0.66647220887175	0.786010464323426	0.656172974658871	0	0.651132313745299	0.70996225801778	0.942233619116451	0.665148121657815	1.05451683691441	0.712606056531163	0.753861060490239	0.884575686290968	1.01843624229068	0.962491613978684	1.04847368043172	1.20904159503965	0.998620380123928	1.08450219353766	1.0334300206275	1.24830637537887	1.07178317582359	1.20213850551131	1.19343482412556	1.24711173145679	1.01747321206177	0.95163308438129	0.957204809533931	0.938107759979015	0.956462535742441	0.898768794661404	0.852395353902905	1.15116567424159	1.25836992737852	1.29827597885095	0.887654089704999	0.864436753249878	0.813218234906202	0.825227362480977	0.880172895876202	0.841997541007381	1.17830126927939	0.786510651142296	1.245352712318	0.881943502171315	1.17625503665796
D3	1.05313999079754	1.10914290807784	1.09617375672925	1.10467090438775	1.01796920333852	0.941166075083518	1.07989289169477	0.850723840674296	1.13398112569274	0.900560228307896	0.897465545707308	0.813495846416137	0.909078087834779	0.942430634161005	0.880884638280638	0.896595798556573	0.585592774981921	0.497882029574568	0.753211673023042	0.49557629011346	0.651132313745299	0	0.631380188359255	0.842397282853268	0.631919751320834	0.986058284191599	0.63107757065056	0.720129778385918	0.840029409758189	0.982906150752351	0.920155515843069	1.02293935497962	1.18464126330484	0.988736148413835	1.085309517815	1.06341993053911	1.23838735495171	1.07390177640107	1.20188570172873	1.15938282996415	1.24425485134929	0.91701163893334	0.966236528138529	0.954097227634857	0.951229358911355	0.914823384614974	0.841667757613723	0.824742251005374	1.13603912876118	1.24395374593151	1.28015241669154	0.872729224328747	0.827208923139761	0.818250821816509	0.77854232422343	0.855759098220839	0.845291712720805	1.21160569148235	0.795105371941539	1.22802744866439	0.894774361563259	1.14923752295992
D4	1.11641178892571	0.928627802995408	1.15319333489175	1.15996912866522	0.979836070487161	1.01598500586359	1.09344224922614	0.914657195923697	1.12895636578732	0.870374897173377	0.951708632374842	0.855795589382701	0.924917773612168	0.963910839139974	0.950303017740192	0.946696436544043	0.559375237301118	0.462513084442936	0.781265578658624	0.607669461380842	0.70996225801778	0.631380188359255	0	0.785825023034703	0.454452594779605	0.935717397877109	0.392768787556613	0.768465402993964	0.855384575899039	1.00817831933365	0.95640877527006	0.95935871979134	1.08369646207207	1.07412284595787	1.03074461171016	1.10240416600185	1.07020098509969	1.14045260087684	1.0938801981809	1.0642707687265	1.16651664509452	0.994561052499396	1.00831441002165	0.991505507511061	0.988619803440558	0.971632822136594	0.938820725398867	0.926048839553717	1.00028235514672	1.01485114177574	1.17573371395048	0.927407227489978	0.911110845073293	0.879933877399312	0.895596550375356	0.927065858338793	0.870925109774328	1.1512443336866	0.78392514837938	1.06351868029342	0.901720535287886	1.05828162999647
D6	1.17698612432184	1.15750231778075	1.22936773173993	1.22766945006751	1.0111220321516	1.04703979338376	1.14997827130817	0.910243024422415	1.1885224840073	0.590156126095198	0.943593398445702	0.996409433269907	1.04469970925825	1.0575371508855	1.01087098689308	0.946362775826303	0.858906179387725	0.749776345522203	0.974907804563614	0.874867854336197	0.942233619116451	0.842397282853268	0.785825023034703	0	0.846976328385429	0.510344025171445	0.842684299468105	0.9701041697906	0.973254220251321	1.0005150255743	0.988887779242728	1.01428276971516	1.11644023314856	1.12823683134481	1.11505944012921	1.12382113311164	1.15936900422138	1.14553730556911	1.15408487048941	1.11190971626578	1.20794688134101	1.0822428770971	1.08407506836686	1.09918375299353	1.07124502875654	1.04438034151891	1.06753494046023	1.01654433385453	1.11373080298731	1.11296056109514	1.23097818886539	1.03026196927018	1.00041130767667	1.02804088429588	1.03765272760875	1.01469266029514	1.00901645660109	1.18993725427486	0.963229167252712	1.13522931070033	1.047140319929	1.14508816089837
D9	1.11851839997567	0.992089665594727	1.13018609489604	1.13411847860937	1.00241830973521	1.00812018143584	1.1028333063852	0.916629362673674	1.14153836163147	0.89988583296426	0.917678319645199	0.822486200635894	0.909159018440225	0.95508412558434	0.928223239890653	0.910496141405433	0.528354073128043	0.495367849802509	0.57890249221655	0.580930296642875	0.665148121657815	0.631919751320834	0.454452594779605	0.846976328385429	0	0.996773152929998	0.445210269418644	0.762130977350766	0.839218125784226	1.00739493514824	0.962878277817255	0.992353621275394	1.14676750092109	1.0701066564188	1.07510517453609	1.09015723774225	1.14204580026612	1.1112739362594	1.14447645183778	1.12897577825373	1.1963888169114	1.01407271008762	1.01506549420919	0.969044129426212	0.962860048371443	0.941742480326695	0.922484331705022	0.879415776680832	1.06220824495423	1.13003937909502	1.23144730152046	0.904788793447852	0.898471360963169	0.848131329268772	0.870324895339471	0.90069330866354	0.860223561207703	1.18000414050197	0.793612239652453	1.14706641062776	0.905260031456192	1.11524650800693
DA	1.24173727128489	1.19274413111439	1.26230075846722	1.2703771527764	0.986726046570815	1.05198814238676	1.15781868740737	0.883256003573306	1.20128452709599	0.698042787016793	0.952127142131658	1.05578946459263	1.08002727070565	1.08306352431388	1.0397895060589	0.911389777303225	0.955425614264537	0.938228956877824	1.11124910577906	1.03533700134073	1.05451683691441	0.986058284191599	0.935717397877109	0.510344025171445	0.996773152929998	0	0.992371266823789	1.07262259312593	1.09252424409119	1.01052198314926	0.989246106240047	1.00116854048411	1.21521890517123	1.14342607143134	1.14760258121846	1.11596756008837	1.22532285973397	1.17528668033008	1.2168668521386	1.21295360413275	1.26317101974305	1.10328371052004	1.10142604118775	1.13810755224034	1.09720453087116	1.07786120884392	1.12727365719435	1.1063420123255	1.16023468958766	1.20317742291242	1.27503066610308	1.10927571909943	1.10029403744486	1.10029475314237	1.11802555017126	1.05234185725729	1.06954931017342	1.22941032992333	1.03214909766472	1.19480787090866	1.10971829457066	1.20209374009252
D8	1.08536008479607	0.966125312202003	1.1279729443881	1.13297133120344	0.997977977338385	1.00519227702483	1.09757347404793	0.914021395369555	1.13918619154612	0.903789407929661	0.940813201824755	0.838889399869021	0.919405418870583	0.963454114294848	0.954342392208136	0.915946378609585	0.538807976015301	0.480921061020864	0.7628530096456	0.570894244013389	0.712606056531163	0.63107757065056	0.392768787556613	0.842684299468105	0.445210269418644	0.992371266823789	0	0.739019560904679	0.840290598282081	1.01719928408994	0.961675870037125	0.98831048238934	1.12930599373679	1.06564756388342	1.06886513003709	1.10507723787913	1.12431893986574	1.12524193343808	1.13540761433385	1.10964731372223	1.19578212444215	1.00082163700344	1.01403415601245	0.971189460418073	0.963136965465446	0.938710785007838	0.917146272899997	0.91766989572192	1.04812238487735	1.10427424712803	1.21592498450931	0.925077835384478	0.914192063757774	0.867988760841807	0.871155522132973	0.917023121601493	0.849814503191875	1.17804767263715	0.808682988594695	1.1294862485666	0.889670647233425	1.09508497209365
DC	1.05311702693637	1.0218731495853	1.03570466026921	1.04259148567465	0.880263121824584	0.775348628696825	0.991529002807121	0.696143244315151	1.07320166182367	0.81841286999546	0.731400805767884	0.595313603745123	0.798581132636753	0.786572368451961	0.839511758542669	0.772393576614127	0.669298897001584	0.746737857360621	0.84793460241943	0.6254470799227	0.753861060490239	0.720129778385918	0.768465402993964	0.9701041697906	0.762130977350766	1.07262259312593	0.739019560904679	0	0.628668858315984	0.866196401638286	0.776779733966214	0.870730210027936	1.1784966530051	0.893333287972511	1.03946179206434	0.967839500586145	1.22074766523214	1.03293243650533	1.19711747448121	1.14755824424886	1.25017557139747	0.788429483116186	0.82230769508738	0.711507083340586	0.669348029217407	0.684610552394312	0.573197158971049	0.721723560870793	1.08016046558697	1.26368700736774	1.28526683694453	0.736607276732239	0.682071788977519	0.659832840505133	0.573684955434838	0.637265363027421	0.737064491796773	1.18090357260262	0.634877463356557	1.23798403632227	0.674849433838976	1.1032801689485
DD	1.06848374534821	1.04980582668238	1.05471173490697	1.05833161323194	0.940471803979126	0.880509096408177	1.04401332993525	0.835169574434736	1.1085454773088	0.899482377586749	0.893204425978737	0.802990794884763	0.891239164359129	0.902520102092118	1.01151603522764	0.887066394775578	0.808305106413154	0.8509774547788	0.894044871343217	0.790188368279614	0.884575686290968	0.840029409758189	0.855384575899039	0.973254220251321	0.839218125784226	1.09252424409119	0.840290598282081	0.628668858315984	0	0.976678429788205	0.871098530727521	0.958498193445253	1.16054380304778	0.967529680512528	1.06180892639553	1.05173282393572	1.20382149779815	1.11354578129172	1.18372404840415	1.11611003098675	1.21856402146296	0.913518333473313	0.906094583843693	0.880181593598855	0.832509748386469	0.78635194561228	0.692130712316718	0.831951563437726	1.07249400536772	1.21479297806377	1.24611491026482	0.837139398803112	0.795818190111808	0.763606565821499	0.7004332344252	0.741903771495238	0.823514213787211	1.14626624031942	0.82558151785413	1.20055399690693	0.798569795145338	1.08477063357712
ASTUR_7	1.15085069343018	1.10404573233719	1.13984188622015	1.15014698345939	0.880119258702476	0.82160863735645	1.02998826804031	0.723591885034893	1.07960107301544	0.875360859654183	0.83894033357481	0.798387745428609	0.915007226031894	0.911373410072054	0.804440004777835	0.903864923904733	0.969088652739218	1.00361927379043	1.10950859506301	0.975262768752273	1.01843624229068	0.982906150752351	1.00817831933365	1.0005150255743	1.00739493514824	1.01052198314926	1.01719928408994	0.866196401638286	0.976678429788205	0	0.559372074597935	0.532033639139851	1.20109979366932	0.941671831040934	1.08982072560353	0.891268860834301	1.23113897593861	0.878566770497691	1.19484380672035	1.17770822896754	1.25625942372964	0.910387890195867	0.925274604526761	1.01061139950587	0.97944429157013	0.928074947350809	0.870177882218029	0.796224862930545	1.14549138674948	1.26857465179268	1.29230231511897	0.954224793255771	0.914659212288488	0.917167097479134	0.896662840609751	0.879372361639083	0.928111587174865	1.20904484677476	0.884828353743423	1.24432150421792	0.938094837774808	1.16464115317385
ASTUR_8	1.08568686546259	1.05641671534175	1.06713072584531	1.08036653134788	0.770490943424283	0.693754510372233	0.808420763955951	0.556668840574281	0.867235108057064	0.846861742146404	0.791810044796194	0.728882142976367	0.724523412555187	0.722349719069478	0.810124630055556	0.8162770646233	0.911634928729699	0.960704547357731	1.03894908382011	0.907847727708285	0.962491613978684	0.920155515843069	0.95640877527006	0.988887779242728	0.962878277817255	0.989246106240047	0.961675870037125	0.776779733966214	0.871098530727521	0.559372074597935	0	0.589657707874957	1.20307130692002	0.908127513731642	1.03415700317996	0.964982462580303	1.23378245653268	1.02428561844481	1.21206185977568	1.1611098456313	1.25335801802753	0.8277724988411	0.838659870012041	0.88809985355012	0.850398990179613	0.796256522688422	0.722539520111254	0.804966411128168	1.09122331103893	1.26896478692682	1.29321164250041	0.842991557845958	0.796476904750342	0.748998485802462	0.719367848077409	0.729891696390406	0.812053047380242	1.18639241832816	0.776188728240203	1.23580238604794	0.790405855827614	1.13213491640711
ASTUR_9	1.14499329953502	1.02838356743199	1.13277440413279	1.1454357248822	0.833867434290706	0.8232532084435	1.03875018177652	0.658393667339307	1.09026250794416	0.871522398551373	0.86719446276764	0.896853213936089	0.961502734942744	0.957611074090281	0.979100623027299	0.907829312360217	0.983234974375022	1.01426563845582	1.11934850322696	0.984684328650164	1.04847368043172	1.02293935497962	0.95935871979134	1.01428276971516	0.992353621275394	1.00116854048411	0.98831048238934	0.870730210027936	0.958498193445253	0.532033639139851	0.589657707874957	0	1.1745712704679	0.971466220055843	1.04754314405906	0.983509018734408	1.18282932346659	1.04750417302459	1.18399717804282	1.132376002399	1.23298321655308	0.89835191428752	0.9352626573548	0.99663153230013	0.956826634451009	0.930899621577755	0.856189106070044	0.916657252847361	1.09651791475592	1.20079991053776	1.26122675681732	0.975134600709439	0.928511153514385	0.948880471893562	0.910948478908831	0.889132615331615	0.96270851636844	1.19370252108993	0.895731942384119	1.19418002081995	0.929792929741354	1.12790936150718
J1	1.20521341723459	1.05270151197243	1.08523254709314	1.0771535831479	1.17284596480493	1.19790331968955	1.254641660166	1.20022850357436	1.26688346779102	1.19479682772526	1.22598449226706	1.20967903150287	1.23987177041011	1.23708221299545	1.2397437059098	1.23754745428274	1.192829126795	1.08734055197534	1.2203664545031	1.18893474691278	1.20904159503965	1.18464126330484	1.08369646207207	1.11644023314856	1.14676750092109	1.21521890517123	1.12930599373679	1.1784966530051	1.16054380304778	1.20109979366932	1.20307130692002	1.1745712704679	0	0.983980206629383	0.704746794983556	0.989475624238394	0.705238197206604	1.10496408033142	0.582996336194593	0.393104500902242	0.709209859513538	1.06192836948656	0.951422871394201	1.24623438866005	1.25386548923239	1.23869618619662	1.18818594907109	1.19027745264347	0.814392670953474	0.849847744547452	1.04327580878902	1.19378439995733	1.15801339505272	1.22545121897186	1.21635355773009	1.21564723637118	1.21282472627381	0.987719347590027	1.18922236253127	0.904381557666857	1.20808802242487	0.934053581998813
J10	1.09539053086658	1.03297167348443	0.962110680799999	0.975100926571531	0.985224970034767	0.906133791576551	1.07668204906523	0.930122410663506	1.12715238903462	1.01010647443193	0.944076682537715	0.873648881622164	0.980892125528221	0.969409055127282	0.987104590660339	0.960538952365917	1.00514521188153	1.04437790590171	1.12144637704507	0.995152329764754	0.998620380123928	0.988736148413835	1.07412284595787	1.12823683134481	1.0701066564188	1.14342607143134	1.06564756388342	0.893333287972511	0.967529680512528	0.941671831040934	0.908127513731642	0.971466220055843	0.983980206629383	0	0.667186437079308	0.642057266986083	1.14353791974775	0.780865297090579	1.0268253073595	0.974586138636949	1.13129708030416	0.596477799764435	0.491533635606888	0.978781208144669	0.963713425514129	0.92756720513745	0.819597069538196	0.907704018074249	0.97854172488509	1.24501888697747	1.23191477559279	0.948655300967691	0.901689202575123	0.916316419009309	0.87075660698902	0.88923105397543	0.955974929039015	1.07521387537387	0.953706820306375	1.19145427290365	0.953705901348356	1.06234038720717
J11	1.12763949904605	0.92604218178413	0.921346049909998	0.922946726364039	1.0511155560736	1.0344870769096	1.11787232554222	1.04438166387656	1.14840527602737	1.07995472557814	1.0935795905172	1.05070958404124	1.07769927609558	1.07185517823489	1.136686364575	1.09645420184048	1.06084492072704	1.06521140184516	1.16535482157412	1.07921085971902	1.08450219353766	1.085309517815	1.03074461171016	1.11505944012921	1.07510517453609	1.14760258121846	1.06886513003709	1.03946179206434	1.06180892639553	1.08982072560353	1.03415700317996	1.04754314405906	0.704746794983556	0.667186437079308	0	0.810189498943918	0.997207331571589	0.994665101703426	0.871481091207041	0.741154106441721	0.993986817542307	0.810515766428617	0.670252290959374	1.11657703892206	1.11073894700402	1.08765559797415	1.01252589280441	1.08564262589342	0.798752270812565	1.04404884658403	1.14886426548034	1.0801199688769	1.0564213033526	1.0675742113186	1.0481085474291	1.05017164182555	1.08733265234078	0.946580004712377	1.06684633918654	1.03512430446361	1.0799582708619	0.980505937350754
J2	1.15679226228745	1.0718129961243	1.03773648670366	1.04778123780349	1.0025117296266	0.953873719710738	1.1009692698358	0.977014483611671	1.1431330312284	1.02445119795103	0.95447200987035	0.930637552257386	1.01556632811513	1.0011914998444	0.960639218996061	1.01634588200271	1.0268914059385	1.10078200211268	1.16334941876011	1.06439723489185	1.0334300206275	1.06341993053911	1.10240416600185	1.12382113311164	1.09015723774225	1.11596756008837	1.10507723787913	0.967839500586145	1.05173282393572	0.891268860834301	0.964982462580303	0.983509018734408	0.989475624238394	0.642057266986083	0.810189498943918	0	1.11981367618566	0.688336248315838	1.01688249113197	0.993442265140942	1.11586431694267	0.792189950216406	0.659348687527556	1.03797476612478	1.03268300926435	1.01355862633973	0.941364779858378	0.907571530682384	1.03018046311237	1.24017864769886	1.23320841554414	1.02207237663252	0.996033271119812	1.00593922431534	0.991509183305046	0.979505917095534	1.03058125851001	1.08538784972725	1.00444160266223	1.19048904881764	1.02831658492512	1.10307061341921
J3	1.26743410316477	1.0786502292632	1.21089306452063	1.21356727176199	1.17343378856984	1.23932136464404	1.27636015704325	1.23707759079476	1.2805597089695	1.21484817148834	1.26851145367741	1.25484739270527	1.26511186729913	1.27872294408671	1.28351227142978	1.27758537216691	1.21115454949876	1.12908938362884	1.25491241925024	1.22254637301806	1.24830637537887	1.23838735495171	1.07020098509969	1.15936900422138	1.14204580026612	1.22532285973397	1.12431893986574	1.22074766523214	1.20382149779815	1.23113897593861	1.23378245653268	1.18282932346659	0.705238197206604	1.14353791974775	0.997207331571589	1.11981367618566	0	1.20534037144935	0.576064238805788	0.666832224286539	0.650657960346805	1.16469871006459	1.10259941244168	1.29043773981094	1.29690868568759	1.28063679000264	1.23878921618033	1.23065430261407	0.923410023861114	0.851789545463511	1.01310894506389	1.23276999909649	1.20919943209428	1.25614970463568	1.25159578184244	1.2537812873877	1.21966333263429	1.09275451335335	1.20356828370563	0.904675142529724	1.22447752580272	0.953927667127134
