A1	A2	A3	A4	ASTUR3	ASTUR4	ASTUR6	ASTUR_1	ASTUR2	ASTUR_5	HF_1	HF_2	HF_3	HF_4	HF_5	HF_6	D10	D11	D12	D13	D1	D3	D4	D6	D9	DA	D8	DC	DD	ASTUR_7	ASTUR_8	ASTUR_9	J1	J10	J11	J2	J3	J4	J5	J6	J7	J8	J9	S1	S2	S3	W13	W16	W10	W11	W12	W14	W15	W1	W2	W3	W4	W5	W6	W7	W8	W9
A1	0	0.602721726820596	0.59622611795613	0.578760371531869	0.695491541462996	0.662035188616677	0.715747547407333	0.673632685650388	0.735746825059357	0.693924667937549	0.683350046108279	0.658643514052898	0.683617174995503	0.687278730111594	0.709532583534438	0.678503571359811	0.679931617702849	0.674358189315054	0.701262460681912	0.670182448636703	0.681279208209292	0.652168751937652	0.68414634755472	0.713596602446405	0.684081714571126	0.752146252595767	0.671714366846969	0.655780338629756	0.655046288443597	0.702725203533519	0.668042656528177	0.703066856592364	0.742999036435001	0.672222795652268	0.691776541189227	0.709439092206751	0.770125877256933	0.734174841622347	0.752846951276079	0.73010029259921	0.767908050280592	0.664612007034417	0.660426432177158	0.682230103799066	0.670617327301244	0.658953819440364	0.636628863285304	0.673955258415278	0.73826061522931	0.774044599378516	0.792445993192177	0.672005043819879	0.659586751052159	0.660550647094082	0.640573621948092	0.659889976621625	0.669807593317071	0.752061911511013	0.681539528988574	0.772161660671078	0.671412693536254	0.736792027160446
A2	0.602721726820596	0	0.368924662068222	0.388763276270553	0.647848486210989	0.660739655117606	0.701979089025471	0.647845756315802	0.719764709448896	0.643264959828763	0.681068045857854	0.646344395253469	0.666940746925747	0.685743452378887	0.702492965043179	0.672444208877267	0.63375310957411	0.656488929442818	0.711997454791158	0.656436143535165	0.678865985197995	0.680488227528824	0.56650322725813	0.704057194319616	0.607681258476303	0.723906558265309	0.593475935924354	0.639232696321991	0.650441327950244	0.677524034558463	0.651451401680348	0.636254215142494	0.653049200453017	0.637903746554965	0.582390105618153	0.66555934571797	0.655644742981685	0.721960190113166	0.651503596199905	0.639208902374382	0.704093972173065	0.654896443182115	0.595743524342912	0.674361991586552	0.667535633241511	0.667585917713511	0.619451128016068	0.672024346178912	0.595206157546639	0.670973830028826	0.740390606592503	0.6686108808778	0.653801317500663	0.653120210253172	0.636914994698022	0.656996540525604	0.650890366497389	0.706344512817925	0.633942831625013	0.686225967619268	0.643643899600186	0.659738514769411
A3	0.59622611795613	0.368924662068222	0	0.197614752976329	0.679077134570814	0.639886650485693	0.69947286963163	0.648345516822819	0.723283525274652	0.683101424265675	0.67158658231148	0.643408947855005	0.668621607176018	0.68512281764141	0.697688739389331	0.661173318065941	0.669397997144867	0.701418735403374	0.706101080019506	0.665655806375369	0.674305641253974	0.665563572046011	0.701632992940456	0.743319245902289	0.688114034320909	0.765062302674549	0.689224456072851	0.638748369384152	0.643038552734075	0.692600645487116	0.651744095226717	0.693675934719302	0.667532135932258	0.602340646217522	0.574750345318949	0.645350094123897	0.741288647672096	0.70920252663553	0.685365570869817	0.656909196842429	0.726155976818798	0.648976294596048	0.570549885855123	0.660968301139081	0.645589642422367	0.653787628798652	0.592805513885573	0.658196577834801	0.651404363499665	0.794926314990419	0.798382685272686	0.656491474816633	0.641044231334782	0.637214921284247	0.613169351461182	0.64016666137413	0.642027226942348	0.721347139470641	0.66738359095298	0.776487176552077	0.642761181761437	0.707638607481631
A4	0.578760371531869	0.388763276270553	0.197614752976329	0	0.682169453766122	0.644087380575397	0.705620507877228	0.648703411277875	0.727231056493395	0.688130817283218	0.676999435560111	0.643414265630959	0.674464937913077	0.684922809603822	0.697149184338394	0.656712852182164	0.668113495939636	0.699941621965268	0.70401308623041	0.667500481417683	0.674410242961429	0.671861199816312	0.701415375963652	0.741751033727709	0.687731801958839	0.765424700741106	0.689347301107677	0.642682944402517	0.646109271721854	0.696657201400939	0.658492616676819	0.696254775610851	0.664645164870186	0.606896514492263	0.572100936301433	0.649245321845388	0.740611346448877	0.708683590916718	0.684483656500904	0.655835287956383	0.724449457540769	0.657988066378316	0.574997124977865	0.66726561453723	0.647848837551487	0.651089856938507	0.606416225284282	0.662696254774133	0.651162048447605	0.793562047579864	0.796722326793678	0.658399650727491	0.64566091063038	0.642328065181852	0.619027097367384	0.643116174098104	0.643196047006356	0.718666588633025	0.665723616026528	0.775175397315672	0.642514031672941	0.706421731095432
ASTUR3	0.695491541462996	0.647848486210989	0.679077134570814	0.682169453766122	0	0.332186213273957	0.533639081107187	0.454828591480593	0.567233705401412	0.539415870189492	0.521461585757656	0.568584955966504	0.587138973565367	0.581654412849126	0.615062279756719	0.549502009661424	0.623290133293825	0.636351501899116	0.679117717021383	0.616523050802929	0.652888946909905	0.636814481671585	0.617914794672052	0.622601500073185	0.62690975105304	0.621536747126989	0.626696627895409	0.560914990791567	0.590819220015345	0.555162452759892	0.490025100069095	0.524982671435429	0.723537827333632	0.61068440032086	0.644156770032923	0.622099283568832	0.726743532531978	0.679830858484961	0.730233243921665	0.701104289778558	0.748313810699979	0.545432485742729	0.576751071789137	0.60021113133272	0.57272579532151	0.583872485893377	0.525711014976808	0.601378232010525	0.674784164005158	0.749590158804065	0.769710749460635	0.589528624958932	0.570287001216682	0.587536585538093	0.573980475151416	0.54897807301907	0.603661800713783	0.725749403081277	0.559377583619747	0.734869709667711	0.575711183631263	0.691392710077881
ASTUR4	0.662035188616677	0.660739655117606	0.639886650485693	0.644087380575397	0.332186213273957	0	0.541310299184715	0.418675531927635	0.583224934960709	0.538193967847912	0.490783038034325	0.517161224492686	0.552678518623582	0.541590148965471	0.585896029184377	0.527593834028338	0.598716567950316	0.633866189054398	0.652670548635738	0.573064879963775	0.617129873681381	0.591203603457561	0.638542234112966	0.650834960993207	0.632716645111354	0.668778865838572	0.633198200958117	0.496097899605162	0.547095732661526	0.525249475040745	0.443586061749322	0.521619964150917	0.739644553292463	0.562822012475239	0.640823246327683	0.595732685602521	0.763764707492953	0.65410316015846	0.748298199732775	0.71840979948922	0.767989380515777	0.488943469375394	0.523435881101374	0.559302051279454	0.536518695569764	0.548375600301088	0.447652537778128	0.55240020393879	0.697834368089897	0.792777310200271	0.793842358836979	0.551659428366266	0.525035471191653	0.536260220096428	0.497673015302121	0.486618015240654	0.564015965732659	0.73683344342524	0.537780950099995	0.770730388816041	0.528386832392623	0.70563033154894
ASTUR6	0.715747547407333	0.701979089025471	0.69947286963163	0.705620507877228	0.533639081107187	0.541310299184715	0	0.536179295095234	0.201384587799762	0.640559042650234	0.627245954947619	0.624133019254254	0.408291691517246	0.404786243102879	0.581555082290033	0.655933621713355	0.663794193722364	0.681847868145165	0.697950258376956	0.654143065022387	0.679882530374071	0.656295835592159	0.67845266638452	0.704615273306939	0.676655461565082	0.722052257520359	0.677622546880697	0.617491404085322	0.633898685873303	0.644251697088245	0.522230162508636	0.645310273330044	0.761317541873895	0.659601039879148	0.687645308134272	0.67944624888697	0.77412287524521	0.680099773385744	0.7673790060139	0.744403843806446	0.780252518504314	0.615311396228817	0.625462172852135	0.642181788799365	0.643693398258496	0.641859643526851	0.593451407247768	0.650019500017697	0.724649930499459	0.793472204110272	0.797239170878198	0.642240606968458	0.634738793087099	0.609202973813113	0.608725514719487	0.610134705966144	0.635904774445438	0.760072060937178	0.629356146061335	0.779175306350356	0.610294803990305	0.734367657490195
ASTUR_1	0.673632685650388	0.647845756315802	0.648345516822819	0.648703411277875	0.454828591480593	0.418675531927635	0.536179295095234	0	0.588927050384545	0.445770236218495	0.456698720385531	0.481151603660159	0.50183948070625	0.479863020288657	0.53614997015161	0.468131000011536	0.542393630351625	0.573072785259326	0.614645780519696	0.526817122189086	0.578734120339508	0.541238817709455	0.582489223958958	0.567020965562095	0.578614297187932	0.56640534377496	0.5793605852477	0.447573954163529	0.518838963530351	0.466112167571808	0.363755680302866	0.433462618928794	0.736802120251514	0.578923824622584	0.644821040164878	0.608994141976469	0.758859815311237	0.656505811076452	0.748783301127063	0.712890681632853	0.769007431616607	0.508097082919544	0.523046101438753	0.536906012467362	0.5201108180821	0.516744644935058	0.454507003483377	0.539314420909286	0.686577778085062	0.782201748853492	0.789054937028617	0.53901336945995	0.513941336946051	0.511451515863851	0.477217268930365	0.470955190604007	0.532630278152994	0.735585839323041	0.500360292031954	0.762315651174168	0.501626055067747	0.699633567836639
ASTUR2	0.735746825059357	0.719764709448896	0.723283525274652	0.727231056493395	0.567233705401412	0.583224934960709	0.201384587799762	0.588927050384545	0	0.67763994634076	0.668161084205789	0.662533716857927	0.420748364107512	0.421482796154979	0.601657663745163	0.690536105251341	0.690212873206499	0.703184370608331	0.719781721352526	0.684355051244572	0.704214242819181	0.687938984052174	0.698501372510056	0.725621841133795	0.697722778718424	0.742412549871716	0.699542771220032	0.664593646060643	0.671864709539368	0.677557019106022	0.565726357561762	0.679803009256364	0.766865867387187	0.691067725685493	0.70574596179755	0.705058061561232	0.774504497306197	0.693600754317893	0.771287794476054	0.753925930653446	0.781195703417926	0.658984727780253	0.658666806366608	0.676458735983685	0.683612093783155	0.681963159282381	0.647293545249245	0.682856786910004	0.735262076730219	0.792244267924974	0.796807993969181	0.673544603458599	0.669454501210818	0.644786317132151	0.652479560878808	0.655150329517533	0.667724952304545	0.76514639906166	0.66736793651709	0.77977595607451	0.647591529360559	0.745406291517656
ASTUR_5	0.693924667937549	0.643264959828763	0.683101424265675	0.688130817283218	0.539415870189492	0.538193967847912	0.640559042650234	0.445770236218495	0.67763994634076	0	0.50153835193236	0.541137976141242	0.57999570678213	0.572256540907427	0.598456507973944	0.520444284529029	0.562486011367622	0.576269100064376	0.642675909852106	0.555485144040695	0.598099438434288	0.57708073040373	0.562509180319553	0.380189680993948	0.571024693949373	0.464974673820136	0.574052771560159	0.520059478361456	0.566065826496849	0.558672917230508	0.532811815080412	0.54774048894175	0.729258650932377	0.621330218797667	0.66123532425318	0.633980892892412	0.741967578500517	0.688106146482619	0.732477629669324	0.717293452182744	0.761209082002696	0.578731224720139	0.584042435453239	0.595969636238361	0.582485161263104	0.585084178445264	0.543975697727301	0.597464940301301	0.680371410185871	0.754140668303068	0.772452929492355	0.595871852077776	0.582997225653547	0.587149318426723	0.569769827670462	0.551996292405134	0.596319233817808	0.736078223718342	0.564795101252488	0.741467666134991	0.591657530930626	0.696774698862742
HF_1	0.683350046108279	0.681068045857854	0.67158658231148	0.676999435560111	0.521461585757656	0.490783038034325	0.627245954947619	0.456698720385531	0.668161084205789	0.50153835193236	0	0.435150830033119	0.531140587796709	0.509267849477645	0.509482747114398	0.426693369855454	0.561955029060313	0.584620262917265	0.609897649653293	0.542997132881466	0.591060765138911	0.571679792245898	0.60416160731075	0.596685475732979	0.585018141241401	0.614666768515562	0.596534948050291	0.477261517485584	0.56136698687817	0.541101472060074	0.509945591701856	0.551221712091407	0.749058484944385	0.588191324075051	0.672754525699324	0.593284280857996	0.775534401185185	0.643330425799576	0.754888310318357	0.735902553782335	0.781642544818217	0.521287254665465	0.564509912376685	0.417842534712183	0.439877178782162	0.504217122600341	0.480884128468125	0.511132845592981	0.696044733184492	0.796367539418152	0.794871936855463	0.551175849480729	0.517719038539516	0.519019118545428	0.519318010357454	0.482424508176402	0.583317049805756	0.740903416388162	0.503052602394136	0.775031118164643	0.549767810241406	0.710728056806697
HF_2	0.658643514052898	0.646344395253469	0.643408947855005	0.643414265630959	0.568584955966504	0.517161224492686	0.624133019254254	0.481151603660159	0.662533716857927	0.541137976141242	0.435150830033119	0	0.470848998963646	0.454246945808173	0.386080308690581	0.42374743594587	0.479582838232585	0.521057760691345	0.576971931633514	0.495071373431853	0.511092404199279	0.516533182044633	0.549605022234736	0.626073259743156	0.524128095888539	0.678012565853857	0.53741623750049	0.392293513870871	0.49677781480196	0.521420057531107	0.478214016483545	0.568447808828641	0.740229016069325	0.540048893296592	0.644833798318858	0.584739916935484	0.769186463193856	0.621053439931349	0.737986068146766	0.727034051537115	0.772321874016097	0.530055071063874	0.51542118200982	0.486421301107417	0.458279929505061	0.425463679012473	0.428655288868883	0.41834451788546	0.671106412592152	0.788399943371889	0.788994548950074	0.443428767465592	0.415388242064672	0.401370051611933	0.41531571281616	0.408762467700001	0.484849037111112	0.720029985182147	0.393736079504322	0.768824593568069	0.484319975535542	0.693952748615932
HF_3	0.683617174995503	0.666940746925747	0.668621607176018	0.674464937913077	0.587138973565367	0.552678518623582	0.408291691517246	0.50183948070625	0.420748364107512	0.57999570678213	0.531140587796709	0.470848998963646	0	0.271798653657717	0.487302759083583	0.537899404215424	0.545304983762585	0.584281430541121	0.622727303183431	0.554707254682344	0.582656495577799	0.566911941770345	0.583372151013239	0.646677246875574	0.564330504338887	0.686036902992468	0.576241783619662	0.505739497969941	0.541101564777198	0.589427490568431	0.471833897531039	0.606786101401055	0.75274826437367	0.605633008547854	0.664175932086194	0.631823410596792	0.769927968147616	0.633514092730667	0.75268880983962	0.736146551333003	0.775786598653788	0.571614703274331	0.575796639410093	0.53920677789192	0.53551286223998	0.523144491428736	0.513068808862495	0.521899632039483	0.680487231971064	0.787094225566925	0.788852108364278	0.539442169566943	0.531885788088051	0.459847375721772	0.486671796707885	0.488511783549651	0.531714204167589	0.733012479348412	0.523454145598116	0.767324149943803	0.527355665572247	0.70691968528034
HF_4	0.687278730111594	0.685743452378887	0.68512281764141	0.684922809603822	0.581654412849126	0.541590148965471	0.404786243102879	0.479863020288657	0.421482796154979	0.572256540907427	0.509267849477645	0.454246945808173	0.271798653657717	0	0.475672142387201	0.50614773224236	0.561864817408382	0.601690455229034	0.63471026891324	0.564513678582812	0.590960469362648	0.584797692300657	0.603920694508521	0.652720014298502	0.591341429644901	0.688410247971214	0.60064486570757	0.495101293038746	0.54765154961498	0.585552246962935	0.472521388525565	0.599602356244434	0.752016068870788	0.597831066826612	0.661918179765202	0.621792816906815	0.777121304116927	0.641543968233745	0.759265395792588	0.738609278265206	0.780284814118821	0.5547301885116	0.562031499117159	0.527192913408574	0.526974036560784	0.508376449765566	0.508886024384455	0.543937075133755	0.691523787796859	0.795454465234989	0.794082812643662	0.553859327270479	0.539039903916559	0.487103078949425	0.508260149069302	0.49145678794172	0.557681275999559	0.736936345954604	0.530432052708613	0.775866107334511	0.528294402854598	0.710517174530633
HF_5	0.709532583534438	0.702492965043179	0.697688739389331	0.697149184338394	0.615062279756719	0.585896029184377	0.581555082290033	0.53614997015161	0.601657663745163	0.598456507973944	0.509482747114398	0.386080308690581	0.487302759083583	0.475672142387201	0	0.523815009984559	0.556204996975718	0.565514428742565	0.62198936077445	0.575647557343076	0.554653818087717	0.555236787084961	0.602826156800375	0.633451223653533	0.58728369005486	0.66753204283382	0.608946171420821	0.549779016330997	0.620699129139903	0.520044017595288	0.528004894776773	0.612824048636033	0.754431654657736	0.613762725604473	0.689846273532553	0.597322790601546	0.77977792067189	0.551542063353153	0.746558524427793	0.749399944948959	0.782128592770659	0.611435354773675	0.598900900547824	0.594009116731104	0.5943202875673	0.600777986137812	0.582570853200412	0.461862203251445	0.71556077545244	0.79890315154381	0.796857719335005	0.557049852693067	0.533051719619767	0.53542654607152	0.553523622351588	0.555663668042571	0.5660070534781	0.751135900370594	0.473506665494851	0.780344270046028	0.573822409007701	0.726576143981302
HF_6	0.678503571359811	0.672444208877267	0.661173318065941	0.656712852182164	0.549502009661424	0.527593834028338	0.655933621713355	0.468131000011536	0.690536105251341	0.520444284529029	0.426693369855454	0.42374743594587	0.537899404215424	0.50614773224236	0.523815009984559	0	0.545814663597501	0.558079003145604	0.628125697792697	0.549946480656271	0.57734626550628	0.575212906648768	0.596416098612467	0.585328262869476	0.577179525427592	0.583342255384794	0.57835015636097	0.503485079448134	0.560284058436789	0.574985222573444	0.525662881847013	0.576647454619892	0.757141788467219	0.602901906654266	0.678793836918552	0.634148966050618	0.779928057988557	0.677953149295983	0.757932619544062	0.742611555749969	0.781961574389523	0.558473480040941	0.590255623548909	0.510008800428432	0.456791946663963	0.493630322775517	0.519466208820872	0.555085369118212	0.699032450935477	0.798850908223317	0.797834642029138	0.548976758646351	0.530738445781873	0.52908179412153	0.525807070651977	0.484547779427214	0.535598445650369	0.742374368746128	0.520509350893508	0.776632211571043	0.535198395404213	0.715646741335912
D10	0.679931617702849	0.63375310957411	0.669397997144867	0.668113495939636	0.623290133293825	0.598716567950316	0.663794193722364	0.542393630351625	0.690212873206499	0.562486011367622	0.561955029060313	0.479582838232585	0.545304983762585	0.561864817408382	0.556204996975718	0.545814663597501	0	0.360581253446445	0.473867396548464	0.338047068818932	0.393340744169822	0.38079135973337	0.36523139214785	0.549805782357689	0.339182201827357	0.611840978652331	0.346760554963152	0.433422718812759	0.50142567021853	0.615355325882014	0.576291676225047	0.61922619073481	0.730880415883109	0.62293275433057	0.652145947583005	0.643024239754299	0.73884283936136	0.663672192979019	0.72527535859323	0.717134200014348	0.751866407923849	0.608919417940222	0.586392548187603	0.578228293904796	0.559571779578807	0.552221441879718	0.547487943877357	0.522588194230126	0.676268104236983	0.75078765119399	0.770607568127541	0.536744333585491	0.533299859123829	0.507195272434752	0.503760789203497	0.524875438793822	0.522148846721754	0.722850185222504	0.473490376721997	0.742439188980314	0.543794994927002	0.697894995432831
D11	0.674358189315054	0.656488929442818	0.701418735403374	0.699941621965268	0.636351501899116	0.633866189054398	0.681847868145165	0.573072785259326	0.703184370608331	0.576269100064376	0.584620262917265	0.521057760691345	0.584281430541121	0.601690455229034	0.565514428742565	0.558079003145604	0.360581253446445	0	0.459852410092557	0.359524793218271	0.429216824326981	0.333657455996131	0.310813577930024	0.488195707335548	0.330636819300522	0.610039044701808	0.321440115083207	0.479254334846808	0.534805046473636	0.632417638050492	0.606791745356068	0.63732013360293	0.669835289203049	0.645157704463427	0.650884379326941	0.682450512460459	0.691682810254598	0.684944776580774	0.679348588166866	0.661333886373084	0.718862611371155	0.616619538089335	0.629365841389646	0.607208211287753	0.594032183210039	0.604300301093204	0.596569904484401	0.572405966726357	0.656873475751786	0.679471498801443	0.735324273663432	0.569139755800497	0.556947711630143	0.56436210324417	0.560501629002926	0.577232840681419	0.553977265877517	0.707177261120665	0.519243032985715	0.687816999635088	0.581390406870125	0.670702053945289
D12	0.701262460681912	0.711997454791158	0.706101080019506	0.70401308623041	0.679117717021383	0.652670548635738	0.697950258376956	0.614645780519696	0.719781721352526	0.642675909852106	0.609897649653293	0.576971931633514	0.622727303183431	0.63471026891324	0.62198936077445	0.628125697792697	0.473867396548464	0.459852410092557	0	0.481987872854178	0.491844264728761	0.481320637357164	0.501412420740596	0.611204069217022	0.384953440505353	0.692110941776293	0.495480372760833	0.53179555055515	0.561342814606151	0.684462478008674	0.641111988001	0.689244682515603	0.745302587099206	0.680189279017565	0.703431065034712	0.706813395150932	0.763391605577878	0.717035215319712	0.751129149295482	0.736098024103179	0.767496952961865	0.66154454113576	0.655281298411863	0.625908303437717	0.618316808432945	0.62796402089355	0.607605825155554	0.589158810764021	0.719389434573577	0.776546334307159	0.787904535742509	0.589442736098645	0.58597666548995	0.571830762404986	0.572999274976476	0.592024854919112	0.599272525251824	0.745137273505043	0.560570016073809	0.767219846229853	0.600842708870175	0.72748159945477
D13	0.670182448636703	0.656436143535165	0.665655806375369	0.667500481417683	0.616523050802929	0.573064879963775	0.654143065022387	0.526817122189086	0.684355051244572	0.555485144040695	0.542997132881466	0.495071373431853	0.554707254682344	0.564513678582812	0.575647557343076	0.549946480656271	0.338047068818932	0.359524793218271	0.481987872854178	0	0.425020190879843	0.331379556260028	0.405384617157335	0.564757083131639	0.387316472064042	0.6558181259759	0.376855535456355	0.403052191083409	0.491962770001697	0.613832240729544	0.568075235132847	0.617901156112606	0.73125849800266	0.613124365147505	0.661814862808719	0.658916474456457	0.750619621441279	0.681614650350314	0.736872425078963	0.717639455889874	0.760760318243525	0.566255201600188	0.589460497698643	0.544398112259858	0.535684213416919	0.56774216227416	0.515509253285835	0.538823696402264	0.686177107352016	0.765145832338291	0.774565990691935	0.539043687751044	0.504699879439884	0.511646201375704	0.488947491450412	0.520091533265078	0.524338586169547	0.730011345280475	0.499044641641074	0.75454705023888	0.524110056536423	0.69817803620537
D1	0.681279208209292	0.678865985197995	0.674305641253974	0.674410242961429	0.652888946909905	0.617129873681381	0.679882530374071	0.578734120339508	0.704214242819181	0.598099438434288	0.591060765138911	0.511092404199279	0.582656495577799	0.590960469362648	0.554653818087717	0.57734626550628	0.393340744169822	0.429216824326981	0.491844264728761	0.425020190879843	0	0.417763520112179	0.452421679368504	0.590909551183643	0.424627523687214	0.662624248307356	0.454438342895658	0.486703234082978	0.547021297172954	0.643933349223451	0.606811088129746	0.657261250169113	0.744730614977968	0.616625231728137	0.665477752426769	0.645402793223922	0.762637117336675	0.673024110947505	0.736694810939229	0.733935447095642	0.759856580965624	0.629964384930242	0.597427090509371	0.601653997477559	0.589756053233836	0.602822966058999	0.575179104997658	0.539709071501523	0.707469159569824	0.777395871234473	0.786224184790813	0.551569510690364	0.545108440368606	0.519762105998604	0.529418616814864	0.561841364865548	0.539627061884962	0.718284424092057	0.499005968971193	0.764189820284227	0.563400711910202	0.718659210721387
D3	0.652168751937652	0.680488227528824	0.665563572046011	0.671861199816312	0.636814481671585	0.591203603457561	0.656295835592159	0.541238817709455	0.687938984052174	0.57708073040373	0.571679792245898	0.516533182044633	0.566911941770345	0.584797692300657	0.555236787084961	0.575212906648768	0.38079135973337	0.333657455996131	0.481320637357164	0.331379556260028	0.417763520112179	0	0.411811159542213	0.549639082781131	0.414890453191232	0.639246922181404	0.412730912389371	0.463271278093095	0.51609898409349	0.62123190111668	0.580269240190354	0.640479340968053	0.730223043728221	0.610935493022682	0.666780132330159	0.658710562200304	0.759554476921893	0.673941345035788	0.738555411528211	0.718012146630973	0.761053181891244	0.571223791810761	0.600706973142426	0.597261570314509	0.594893782879795	0.583289376529299	0.535603923299762	0.520934164970971	0.701885742310475	0.772150140849334	0.782575199439484	0.538935088631724	0.52034024540963	0.523589284550776	0.500166740540107	0.540942284560753	0.540353182609109	0.735899486629723	0.499840612780571	0.759140692279828	0.567969175990461	0.708469904384733
D4	0.68414634755472	0.56650322725813	0.701632992940456	0.701415375963652	0.617914794672052	0.638542234112966	0.67845266638452	0.582489223958958	0.698501372510056	0.562509180319553	0.60416160731075	0.549605022234736	0.583372151013239	0.603920694508521	0.602826156800375	0.596416098612467	0.36523139214785	0.310813577930024	0.501412420740596	0.405384617157335	0.452421679368504	0.411811159542213	0	0.511810218109693	0.299962418009897	0.606472289091617	0.26032630571017	0.502134436597634	0.546069274039653	0.63697308693056	0.604967235044435	0.604844304072016	0.672049191432727	0.658456358501288	0.631919075358289	0.683591177689587	0.652432631652532	0.704282289870253	0.67321868092589	0.66027091487295	0.716187356674478	0.621640180870717	0.631110861908688	0.622893974458245	0.612751573063408	0.615467131886437	0.598245678740512	0.582248775286323	0.61508725735225	0.629861895835158	0.72038865384568	0.577367794042275	0.575416052130158	0.56047964360979	0.566779094680678	0.584619536516634	0.56261880625359	0.704750707747117	0.505309615015018	0.654188683297183	0.581331248794957	0.651854897471867
D6	0.713596602446405	0.704057194319616	0.743319245902289	0.741751033727709	0.622601500073185	0.650834960993207	0.704615273306939	0.567020965562095	0.725621841133795	0.380189680993948	0.596685475732979	0.626073259743156	0.646677246875574	0.652720014298502	0.633451223653533	0.585328262869476	0.549805782357689	0.488195707335548	0.611204069217022	0.564757083131639	0.590909551183643	0.549639082781131	0.511810218109693	0	0.545016560376767	0.349026493393659	0.540903553242229	0.618144760735853	0.622825059570505	0.632228637956691	0.619824015691118	0.631845948055827	0.682568803736683	0.694203329891327	0.67912562338524	0.69217022065992	0.708297048614663	0.7108795851396	0.703264252700935	0.679825526484929	0.734426212278142	0.66768451053492	0.673143473604349	0.683862951150603	0.664617231266496	0.652611369036845	0.673054163340971	0.640040821846811	0.684829412206612	0.69030374526401	0.746833648532512	0.64240454782889	0.628620843273845	0.646687785314676	0.65450146752052	0.636791809690725	0.639899038990142	0.72230808245175	0.605608853031187	0.698507238970105	0.661664910999331	0.699260626542845
D9	0.684081714571126	0.607681258476303	0.688114034320909	0.687731801958839	0.62690975105304	0.632716645111354	0.676655461565082	0.578614297187932	0.697722778718424	0.571024693949373	0.585018141241401	0.524128095888539	0.564330504338887	0.591341429644901	0.58728369005486	0.577179525427592	0.339182201827357	0.330636819300522	0.384953440505353	0.387316472064042	0.424627523687214	0.414890453191232	0.299962418009897	0.545016560376767	0	0.634446162356695	0.292672027513184	0.492386037014746	0.528446208495192	0.637000363130286	0.607491735107876	0.622485203131861	0.705882141994905	0.65800353555041	0.655282585879548	0.675692996576605	0.696419095372092	0.693406337935914	0.701763914318124	0.693752264375789	0.733298980609688	0.630446711094716	0.632302602889384	0.610825428458048	0.601397385161775	0.593752387430995	0.588297947927174	0.555672033045408	0.649433571409017	0.696857714705199	0.745013683762254	0.563112225526641	0.567328632853071	0.540203774667961	0.552305052032127	0.568996661089825	0.554927021084347	0.717424348270799	0.504753970287575	0.700646413335529	0.580328860337081	0.679140694878984
DA	0.752146252595767	0.723906558265309	0.765062302674549	0.765424700741106	0.621536747126989	0.668778865838572	0.722052257520359	0.56640534377496	0.742412549871716	0.464974673820136	0.614666768515562	0.678012565853857	0.686036902992468	0.688410247971214	0.66753204283382	0.583342255384794	0.611840978652331	0.610039044701808	0.692110941776293	0.6558181259759	0.662624248307356	0.639246922181404	0.606472289091617	0.349026493393659	0.634446162356695	0	0.631762055845017	0.686631513651905	0.693820655325026	0.646535201388423	0.635764128268025	0.638301466471039	0.745927045734332	0.713449903677543	0.708604035505394	0.703241948446728	0.747194335079311	0.733343668456127	0.743375125921655	0.743171778204235	0.76451482158575	0.694778501268859	0.695106301442973	0.719143705630904	0.696756041094004	0.688741707827061	0.716691259394244	0.698990217664913	0.715880060740207	0.746130387457143	0.771889756575985	0.696922254036775	0.695723585396973	0.699386350432064	0.707236091060171	0.675907164465264	0.686855025649359	0.749138730919106	0.66083540194962	0.739085393141553	0.70765617575083	0.735395286623011
D8	0.671714366846969	0.593475935924354	0.689224456072851	0.689347301107677	0.626696627895409	0.633198200958117	0.677622546880697	0.5793605852477	0.699542771220032	0.574052771560159	0.596534948050291	0.53741623750049	0.576241783619662	0.60064486570757	0.608946171420821	0.57835015636097	0.346760554963152	0.321440115083207	0.495480372760833	0.376855535456355	0.454438342895658	0.412730912389371	0.26032630571017	0.540903553242229	0.292672027513184	0.631762055845017	0	0.481143909092717	0.532525885460884	0.642072135956537	0.607419743289723	0.622198955782688	0.698670906085124	0.65591280473698	0.65376454789955	0.68561082300203	0.687163379426057	0.698913610444814	0.696830405450538	0.687322531474801	0.732692690456247	0.624564080191141	0.631343447031653	0.612352162165879	0.60124975552368	0.597306690443297	0.586128686293159	0.581923489027937	0.644076597154508	0.683002236548594	0.740375457578601	0.578023488708942	0.579649964028645	0.555965803054591	0.555232908113176	0.580805629937125	0.549765909941047	0.718325805376381	0.520241201720664	0.692471773511752	0.571739041354182	0.672461454118665
DC	0.655780338629756	0.639232696321991	0.638748369384152	0.642682944402517	0.560914990791567	0.496097899605162	0.617491404085322	0.447573954163529	0.664593646060643	0.520059478361456	0.477261517485584	0.392293513870871	0.505739497969941	0.495101293038746	0.549779016330997	0.503485079448134	0.433422718812759	0.479254334846808	0.53179555055515	0.403052191083409	0.486703234082978	0.463271278093095	0.502134436597634	0.618144760735853	0.492386037014746	0.686631513651905	0.481143909092717	0	0.391811515176042	0.555388023855926	0.495385071269188	0.555461734604223	0.72937396523331	0.55344926959857	0.642631161390885	0.606892019891008	0.756700985145421	0.652902076737497	0.738895272022797	0.711475810029892	0.766550151682625	0.495135475352021	0.512461084107728	0.462304177151119	0.432552380688448	0.447559848704013	0.376468554082328	0.467721495943328	0.673399180627576	0.77987827320586	0.784780880635286	0.463498677430378	0.438114631279844	0.431216668653062	0.373104354612238	0.410958817811073	0.474729073017572	0.725532096844866	0.412838754767883	0.763286545112599	0.428716450486089	0.684656803702727
DD	0.655046288443597	0.650441327950244	0.643038552734075	0.646109271721854	0.590819220015345	0.547095732661526	0.633898685873303	0.518838963530351	0.671864709539368	0.566065826496849	0.56136698687817	0.49677781480196	0.541101564777198	0.54765154961498	0.620699129139903	0.560284058436789	0.50142567021853	0.534805046473636	0.561342814606151	0.491962770001697	0.547021297172954	0.51609898409349	0.546069274039653	0.622825059570505	0.528446208495192	0.693820655325026	0.532525885460884	0.391811515176042	0	0.608872859787976	0.540839250345267	0.598328011355782	0.720818400291317	0.591564364739959	0.649734826444052	0.645182985702132	0.746625331048707	0.68386889081752	0.732960837751701	0.696235983698402	0.751896957203234	0.560826956673081	0.555490294356107	0.55325328818265	0.520907418274201	0.494495802227226	0.430885597329599	0.509558339500057	0.665849119018349	0.76060425982183	0.770161558670167	0.507256445038044	0.490490031525249	0.473904759729837	0.431729167492186	0.461597574795986	0.509026357267735	0.705564492548592	0.505416926157096	0.746606237290664	0.494336078027409	0.675370601448274
ASTUR_7	0.702725203533519	0.677524034558463	0.692600645487116	0.696657201400939	0.555162452759892	0.525249475040745	0.644251697088245	0.466112167571808	0.677557019106022	0.558672917230508	0.541101472060074	0.521420057531107	0.589427490568431	0.585552246962935	0.520044017595288	0.574985222573444	0.615355325882014	0.632417638050492	0.684462478008674	0.613832240729544	0.643933349223451	0.62123190111668	0.63697308693056	0.632228637956691	0.637000363130286	0.646535201388423	0.642072135956537	0.555388023855926	0.608872859787976	0	0.369597326759663	0.356804932110966	0.734892747014654	0.589646409232564	0.663073204529865	0.556308064579962	0.754341696560349	0.548140758504473	0.731493811765052	0.71829564552827	0.765104919454797	0.572363341537045	0.579513156195158	0.631352404173142	0.612477371620899	0.590308526458021	0.557778174642921	0.509037154016694	0.699522117178039	0.775886091876842	0.784503199746472	0.600068783021806	0.583638386019564	0.588786363314672	0.570441869989511	0.556274877838212	0.58887630724875	0.737596102941719	0.566130858632736	0.759835536978678	0.589628814131276	0.710193612393862
ASTUR_8	0.668042656528177	0.651451401680348	0.651744095226717	0.658492616676819	0.490025100069095	0.443586061749322	0.522230162508636	0.363755680302866	0.565726357561762	0.532811815080412	0.509945591701856	0.478214016483545	0.471833897531039	0.472521388525565	0.528004894776773	0.525662881847013	0.576291676225047	0.606791745356068	0.641111988001	0.568075235132847	0.606811088129746	0.580269240190354	0.604967235044435	0.619824015691118	0.607491735107876	0.635764128268025	0.607419743289723	0.495385071269188	0.540839250345267	0.369597326759663	0	0.392126132170426	0.737559232092657	0.563584907808892	0.637326729563667	0.60471754118432	0.757471202098197	0.642869633617901	0.741873226251958	0.710791377629756	0.766098251196451	0.516152835044467	0.524045994808192	0.565751584342012	0.541803325365152	0.514579743465606	0.464045433394349	0.516658382973868	0.674678063641411	0.781272226418646	0.787299531329262	0.530820392152931	0.508180916869795	0.478597799635448	0.460561468383365	0.461997312117735	0.516225587703885	0.72807309010685	0.500800884166598	0.759882140778365	0.498458643978387	0.695056169931656
ASTUR_9	0.703066856592364	0.636254215142494	0.693675934719302	0.696254775610851	0.524982671435429	0.521619964150917	0.645310273330044	0.433462618928794	0.679803009256364	0.54774048894175	0.551221712091407	0.568447808828641	0.606786101401055	0.599602356244434	0.612824048636033	0.576647454619892	0.61922619073481	0.63732013360293	0.689244682515603	0.617901156112606	0.657261250169113	0.640479340968053	0.604844304072016	0.631845948055827	0.622485203131861	0.638301466471039	0.622198955782688	0.555461734604223	0.598328011355782	0.356804932110966	0.392126132170426	0	0.720161078825088	0.602689737494734	0.643431765021004	0.610549951169103	0.724398135250987	0.658134165004976	0.724335644960135	0.692976068162857	0.75281841802402	0.562113062257083	0.584984275141497	0.627369674151351	0.597184961790929	0.587045485821128	0.545957860504436	0.576830221022314	0.670619254481796	0.737821949985815	0.766158856702208	0.606025805386269	0.587099247158544	0.59770690186273	0.573747021510703	0.557158709299734	0.604089917126161	0.729147667050346	0.561658228668348	0.731443439948984	0.582776569384008	0.68768203007614
J1	0.742999036435001	0.653049200453017	0.667532135932258	0.664645164870186	0.723537827333632	0.739644553292463	0.761317541873895	0.736802120251514	0.766865867387187	0.729258650932377	0.749058484944385	0.740229016069325	0.75274826437367	0.752016068870788	0.754431654657736	0.757141788467219	0.730880415883109	0.669835289203049	0.745302587099206	0.73125849800266	0.744730614977968	0.730223043728221	0.672049191432727	0.682568803736683	0.705882141994905	0.745927045734332	0.698670906085124	0.72937396523331	0.720818400291317	0.734892747014654	0.737559232092657	0.720161078825088	0	0.625242841159796	0.456400248341931	0.628386064351812	0.469850370745732	0.696829999384669	0.389259847633166	0.263137773973408	0.471990524701363	0.674427899596028	0.609693010781649	0.762315321911422	0.762947444519906	0.755657873138421	0.739339915250392	0.734528452452595	0.526361660822345	0.550924324152665	0.669844549127988	0.734498830835318	0.721467604410199	0.75051312510923	0.74508888558612	0.746483877374022	0.743781376078306	0.626883108406446	0.723070381371798	0.584304852526651	0.738165713330475	0.605458279015972
J10	0.672222795652268	0.637903746554965	0.602340646217522	0.606896514492263	0.61068440032086	0.562822012475239	0.659601039879148	0.578923824622584	0.691067725685493	0.621330218797667	0.588191324075051	0.540048893296592	0.605633008547854	0.597831066826612	0.613762725604473	0.602901906654266	0.62293275433057	0.645157704463427	0.680189279017565	0.613124365147505	0.616625231728137	0.610935493022682	0.658456358501288	0.694203329891327	0.65800353555041	0.713449903677543	0.65591280473698	0.55344926959857	0.591564364739959	0.589646409232564	0.563584907808892	0.602689737494734	0.625242841159796	0	0.434327578018693	0.418530199231194	0.711898513006566	0.50829917785887	0.644085839675405	0.619647693076837	0.701231942266558	0.381363312933136	0.321999873618573	0.604463151481886	0.593264861724416	0.577663412388411	0.512399789923137	0.562519233282236	0.612341250431346	0.773084273227441	0.767288233776621	0.576719354129479	0.556169852380189	0.563769597390729	0.538889916941556	0.547445089818553	0.588074685384263	0.664527011985288	0.57964250380471	0.741987430619079	0.586500267791341	0.665320161234198
J11	0.691776541189227	0.582390105618153	0.574750345318949	0.572100936301433	0.644156770032923	0.640823246327683	0.687645308134272	0.644821040164878	0.70574596179755	0.66123532425318	0.672754525699324	0.644833798318858	0.664175932086194	0.661918179765202	0.689846273532553	0.678793836918552	0.652145947583005	0.650884379326941	0.703431065034712	0.661814862808719	0.665477752426769	0.666780132330159	0.631919075358289	0.67912562338524	0.655282585879548	0.708604035505394	0.65376454789955	0.642631161390885	0.649734826444052	0.663073204529865	0.637326729563667	0.643431765021004	0.456400248341931	0.434327578018693	0	0.518864675005465	0.626126465352596	0.618793989248044	0.547423146819965	0.474160087685448	0.618000877978315	0.519793873181611	0.444283169242701	0.685900670017552	0.678630758005626	0.669930303198764	0.633279699083309	0.663500538283737	0.504102319460232	0.666449176873278	0.717531389845436	0.660982670281034	0.654216501785213	0.655271409656184	0.644749776812442	0.645094215578517	0.665524048386924	0.603260425909813	0.647655320065372	0.656313093123157	0.658169498375383	0.615052328858348
J2	0.709439092206751	0.66555934571797	0.645350094123897	0.649245321845388	0.622099283568832	0.595732685602521	0.67944624888697	0.608994141976469	0.705058061561232	0.633980892892412	0.593284280857996	0.584739916935484	0.631823410596792	0.621792816906815	0.597322790601546	0.634148966050618	0.643024239754299	0.682450512460459	0.706813395150932	0.658916474456457	0.645402793223922	0.658710562200304	0.683591177689587	0.69217022065992	0.675692996576605	0.703241948446728	0.68561082300203	0.606892019891008	0.645182985702132	0.556308064579962	0.60471754118432	0.610549951169103	0.628386064351812	0.418530199231194	0.518864675005465	0	0.704728540811613	0.453697685617501	0.644916867974602	0.629175791263686	0.698545425741121	0.503807878288445	0.426697908784278	0.640253367134449	0.634015263809337	0.629345294244133	0.591108197789174	0.558545850034981	0.642737968478333	0.768985239317923	0.765020554470363	0.628533034091817	0.619094837312407	0.623557730064681	0.61609616275982	0.606282603142815	0.637659407418925	0.681742435023559	0.618435479312039	0.741728200082041	0.63383080645459	0.684151684741357
