A1	A2	A3	A4	ASTUR3	ASTUR4	ASTUR6	ASTUR_1	ASTUR2	ASTUR_5	HF_1	HF_2	HF_3	HF_4	HF_5	HF_6	D10	D11	D12	D13	D1	D3	D4	D6	D9	DA	D8	DC	DD	ASTUR_7	ASTUR_8	ASTUR_9	J1	J10	J11	J2	J3	J4	J5	J6	J7	J8	J9	S1	S2	S3	W13	W16	W10	W11	W12	W14	W15	W1	W2	W3	W4	W5	W6	W7	W8	W9
A1	0	0.881257727451914	0.836124141299204	0.838241949437962	0.939984792517607	0.886918535788451	0.984460925740118	0.921932915772729	0.991519281825048	0.960529248709633	0.937864936611803	0.909126526109845	0.962659560609036	0.97638090257494	0.979846627377053	0.926743833587784	0.917674003053664	0.847550109605462	0.975186893484887	0.884166140071853	0.936163518736876	0.850230134367535	0.924823228915352	0.939758506560749	0.917354750934887	0.988912301671117	0.883045214085219	0.886566404715686	0.938253876146077	0.964133993411289	0.911037359917827	0.95413282386685	0.935451574069783	0.922653766634127	0.948200592193522	0.965518387362825	0.971457849808036	0.99345229441515	0.965023482699408	0.923524852021561	0.972199071684726	0.900752640829582	0.893126404896243	0.946768811768281	0.949504001374559	0.922013807204106	0.839921176828847	0.952694543386815	0.984993257930429	0.935403760956037	0.996373798056786	0.953108850084919	0.909751930315474	0.893858130436683	0.848275545760708	0.89442542371571	0.88186063521393	0.992453734147597	0.960104011322682	0.976443523909678	0.912392175200282	0.98946860367351
A2	0.881257727451914	0	0.521687082015574	0.545372601701888	0.801728515814557	0.862438876223166	0.975617454119208	0.861323172027941	0.983554646603654	0.837428372321472	0.912623517573953	0.860008654268964	0.938538819707888	0.964530076982519	0.96691930385512	0.901718270590574	0.74167015296253	0.741555776611416	0.973890740231808	0.833002658160757	0.91962056726112	0.923650844759544	0.267376809193889	0.888452280929809	0.557913929358848	0.935849706980657	0.423685698170893	0.827171098448364	0.916903672591015	0.914063715863178	0.863194227157674	0.619831769096764	0.660174844227361	0.816407457667971	0.661715917934088	0.862101139352053	0.535692344773523	0.985088265516292	0.621426445979176	0.706119496549428	0.820483651064069	0.864385551876295	0.674084638843517	0.926087518705881	0.938398583217021	0.9191769085782	0.793529310717991	0.94387412749535	0.65761764406099	0.565593897636495	0.924760464878452	0.93819594691645	0.879137706029221	0.872478923443551	0.842551073620556	0.874127158046768	0.840380805262376	0.958347974903116	0.841255507233688	0.784614166416184	0.852642128318914	0.887857144100307
A3	0.836124141299204	0.521687082015574	0	0.0334872001044961	0.886740134951771	0.80302195764685	0.971026997465611	0.860846924547092	0.983171609074695	0.931769097370921	0.897706021420387	0.844710319433756	0.931799909297568	0.963534381740335	0.963163411040216	0.867111047809511	0.869551332715343	0.915276172443139	0.964264169055828	0.852303011504353	0.901943188727355	0.891576310478733	0.933762188184384	0.982508283122963	0.883098819835774	0.995293581101583	0.883240070553488	0.82137920673842	0.901278040983463	0.935390954333813	0.853849111106814	0.927319667389259	0.414829095802967	0.618725496857469	0.358872033260487	0.723594753515752	0.831516223590074	0.970577642282288	0.540741071779653	0.501073687347	0.731611571224782	0.850761213324501	0.440098299083525	0.906674020869523	0.902279058233029	0.895367253221538	0.715324765687346	0.918881839828972	0.708710036833872	0.985767291166016	0.994074001809961	0.916827641772498	0.837213329861759	0.810434317245509	0.760904336702482	0.819123848429746	0.799816257827211	0.942354074162271	0.933851387306336	0.975677681973257	0.843533425214039	0.947185382513948
A4	0.838241949437962	0.545372601701888	0.0334872001044961	0	0.904618659839041	0.833818491908533	0.976698131023487	0.882722341229816	0.986249835714875	0.948615601050078	0.916642657159701	0.865489176524167	0.9453589402748	0.970656301435332	0.968164457440797	0.880588619280155	0.888586726433031	0.92872574731621	0.969980541121061	0.875660324827091	0.916120890171433	0.913899935859071	0.947227577907034	0.986528071611126	0.9032660812335	0.997700110252959	0.902687430987158	0.852188399770507	0.919734995854464	0.951219279966123	0.883312464119537	0.940245547823786	0.390001761600318	0.630490058419359	0.335211822925996	0.725936555248521	0.826625352882163	0.9724074694304	0.52380747907656	0.480780781634102	0.720272958990531	0.879230462150083	0.460806356083428	0.934368190356705	0.917938363672028	0.908979745125944	0.778379803585953	0.935334466954253	0.699328101473426	0.984015740520926	0.991936513774539	0.931100505044182	0.866649218963945	0.844436118356521	0.803060928200821	0.854248229533833	0.824386222695909	0.940306494766021	0.94248031786846	0.973734987588109	0.859252001502653	0.94469686271846
ASTUR3	0.939984792517607	0.801728515814557	0.886740134951771	0.904618659839041	0	0.209592040837064	0.821929779138072	0.321998539434576	0.845972117260168	0.636329539608067	0.542007861129376	0.759199285502423	0.79790863586917	0.810440913913745	0.862984818992682	0.474986165151512	0.814766979473105	0.836712235189919	0.961311414807238	0.822465808082559	0.886576359297873	0.887973925852764	0.787373370057084	0.625736528245233	0.810880680999277	0.447305081072566	0.790659972937974	0.726937175795376	0.875715177618603	0.746315974858719	0.478212525971903	0.498673779382612	0.97000004947135	0.830473308409042	0.918047937165924	0.835841784377222	0.922655223426621	0.94973811199318	0.956935278471038	0.954586866992201	0.975189326156673	0.735237089902132	0.723520770936623	0.813694098109163	0.78459110456666	0.751006969353911	0.64793426121278	0.868783112463251	0.931382978962767	0.928676016372922	0.989025058397671	0.882822956145063	0.776278142507064	0.75605125860224	0.726231684358484	0.650622163944246	0.785430992410916	0.985423511122273	0.842652751188761	0.959861242632778	0.776624640367187	0.97273179941783
ASTUR4	0.886918535788451	0.862438876223166	0.80302195764685	0.833818491908533	0.209592040837064	0	0.818058295451878	0.309123513251315	0.84962594238895	0.669130711088358	0.508440788876616	0.643968071486732	0.761493268708876	0.783212252119871	0.832334005032614	0.503984300941521	0.753462583165593	0.819890026683244	0.935493121601521	0.701370801610072	0.824058505844609	0.816713125278783	0.861237603623773	0.727758855588788	0.80385329384078	0.617961847145472	0.803986369017875	0.540735280189737	0.809368840260372	0.704802008432222	0.410567387560243	0.553106476112305	0.980829001036306	0.718081659912099	0.909441665494316	0.771525753981569	0.982481061649941	0.912944054003516	0.979180630796946	0.964148385749106	0.991962713325195	0.603529277965722	0.580484876127188	0.714760386161984	0.729290675790564	0.689205464546967	0.407215946981582	0.776575755720908	0.954534009982984	0.993525766946155	0.999818213964151	0.824339054030984	0.653618387266105	0.62667813528806	0.525726061044845	0.502418264660462	0.689944916576966	0.989350367479993	0.797655639909599	0.990902466721907	0.653340120793932	0.979042859623705
ASTUR6	0.984460925740118	0.975617454119208	0.971026997465611	0.976698131023487	0.821929779138072	0.818058295451878	0	0.641995537544108	0.0031428016603916	0.963632209090801	0.925623252183503	0.895098214352574	0.0281537738536932	0.0222036742939965	0.625300855294146	0.955974680626449	0.958969386663521	0.971619841800759	0.988814850116682	0.954574632627255	0.970296086979121	0.969981946270935	0.970158433243434	0.975772708897262	0.960871550306992	0.970200446352427	0.962126372005456	0.93761099846739	0.970142656419167	0.951814367936366	0.445593711107244	0.945034373161716	0.996355008735765	0.956107357881565	0.959132923308944	0.955089855384604	0.995877663609029	0.914906652670115	0.996709950896071	0.995248285222947	0.9994270626397	0.926442037672657	0.840527106180981	0.925824303852533	0.964512389800748	0.931002829109265	0.919764482157335	0.964923955600383	0.988073342644909	0.997373667311184	0.999737400219358	0.966156021388662	0.947887645120198	0.798594702203429	0.873361182756295	0.900911720980812	0.865930584385895	0.998754726277527	0.941867981626995	0.998373917561206	0.78849224063129	0.996718827453858
ASTUR_1	0.921932915772729	0.861323172027941	0.860846924547092	0.882722341229816	0.321998539434576	0.309123513251315	0.641995537544108	0	0.674189025921508	0.514133442829079	0.435879081599121	0.635869600441248	0.592965286472637	0.593765417240087	0.716512727892863	0.327723792103205	0.698685626225535	0.747704114693577	0.914593943627522	0.693159707103998	0.756391544101329	0.757853695834628	0.798620168054093	0.498571703929253	0.747804083710273	0.269429431130227	0.761112105467422	0.549353972908098	0.822837363636829	0.689906676595369	0.294804586948338	0.428102504109229	0.978276991247134	0.766931284691739	0.917705968804028	0.804673545813924	0.968777187573782	0.929640968922285	0.975352491463257	0.965220777675378	0.991798931916997	0.646373210499215	0.604655662774911	0.708259078186296	0.712017617324702	0.65897839568577	0.51564315130032	0.79932481118036	0.951099419829446	0.976332883502494	0.996616491731158	0.830280581717976	0.666349953533586	0.64735037766563	0.586176524674053	0.54599392716703	0.690532765064411	0.989980346948052	0.729374154947855	0.981532129465378	0.661597883485622	0.979612605373347
ASTUR2	0.991519281825048	0.983554646603654	0.983171609074695	0.986249835714875	0.845972117260168	0.84962594238895	0.0031428016603916	0.674189025921508	0	0.980545422555035	0.945517056438112	0.913898689951739	0.0309607503076237	0.0232507487073271	0.628414056298684	0.976706570707889	0.974461214451348	0.982533972788052	0.993368282852209	0.973041816538134	0.981349434330084	0.982689271222657	0.978298912032711	0.987859703566454	0.974363470574855	0.986221934553464	0.975022662181846	0.965047354117923	0.982886087760323	0.96316568041252	0.470383334343341	0.964308064144194	0.99720505323278	0.971225897310185	0.963811795763373	0.964003408500548	0.996463647589692	0.916284398197539	0.997661325305122	0.997253647526943	0.999706096009795	0.948065096996792	0.861579142038415	0.939716451463574	0.977458046784592	0.947819375493791	0.95558397089421	0.974711691555898	0.990234183832597	0.997308104070544	0.999722216421545	0.97599193577256	0.966904026410312	0.820058060628704	0.901315360626088	0.927769158024134	0.88247497769619	0.999208835126999	0.951784969784078	0.998576010323416	0.804951626472737	0.997758095308442
ASTUR_5	0.960529248709633	0.837428372321472	0.931769097370921	0.948615601050078	0.636329539608067	0.669130711088358	0.963632209090801	0.514133442829079	0.980545422555035	0	0.651949861292838	0.790755188596701	0.919789107890972	0.922724076333663	0.887150593699864	0.58709488173246	0.81951047410467	0.827622456358964	0.958158148332171	0.822059424964717	0.871810033317569	0.870672064819419	0.796090594237727	0.0917325171477006	0.808571512791674	0.401863549319376	0.800942105939555	0.767425983104758	0.899155669473846	0.817576600431219	0.711058939235981	0.678436429089426	0.974720974840296	0.874013526491799	0.951893318281624	0.880203546518704	0.937077837384638	0.960267291201376	0.962119955462517	0.974662903154827	0.987786847724457	0.81892145324478	0.807400962141084	0.856001256158653	0.85416135132843	0.8133698671353	0.74937694564534	0.893395186945672	0.945071844733361	0.932846926661818	0.988917052181792	0.913997046072026	0.838550350217944	0.838826903824898	0.808147725614649	0.756245980418502	0.852342815045045	0.992759397670329	0.870538558352693	0.963430807435653	0.870921179835878	0.978009803581541
HF_1	0.937864936611803	0.912623517573953	0.897706021420387	0.916642657159701	0.542007861129376	0.508440788876616	0.925623252183503	0.435879081599121	0.945517056438112	0.651949861292838	0	0.533712369622548	0.84106666237814	0.830699904920651	0.717444650287236	0.32543874879796	0.681948432207228	0.717698411665765	0.837088532890987	0.644790385337987	0.76215868981233	0.804058157547009	0.812820436075647	0.664906679269219	0.719716679605983	0.56744592724137	0.755401478971553	0.508667020947616	0.860531528742983	0.668560159341259	0.639412158237214	0.633310546530291	0.981549996959831	0.778599785744612	0.944451438372396	0.684664953837632	0.981441411177503	0.787886282644615	0.974603663279221	0.975227026296898	0.996684768786499	0.661678421755237	0.693308906281544	0.296855210080743	0.416986902094692	0.657188611244037	0.549949828950381	0.638455368421804	0.954411748957418	0.988859715316826	0.99669846196556	0.840004110539102	0.632022809302162	0.669469777562921	0.660207295020131	0.578674623563312	0.773160017613569	0.989052839591408	0.718649000763059	0.988440727570908	0.706268197103701	0.977358617714608
HF_2	0.909126526109845	0.860008654268964	0.844710319433756	0.865489176524167	0.759199285502423	0.643968071486732	0.895098214352574	0.635869600441248	0.913898689951739	0.790755188596701	0.533712369622548	0	0.764763930329779	0.789167939162247	0.283049076775558	0.464510305357528	0.436986301822186	0.443048192033611	0.844336612893217	0.540662030518682	0.479993456452979	0.605116769409554	0.663966112089732	0.811632147220488	0.536406283706949	0.873442309898872	0.5803340288771	0.365759580594562	0.784455956247705	0.663780324904626	0.61891640766557	0.751363786264392	0.976829166971807	0.661844668410522	0.929161646265212	0.720040364287911	0.976537141652705	0.770968711070274	0.942697056670581	0.978482656502899	0.991337995403998	0.734591924269917	0.62632602268568	0.648582053452262	0.641759601419585	0.490597546735716	0.496155673835341	0.514616929617329	0.944404771790889	0.980172686609821	0.996433765512366	0.675105836818969	0.387981919212406	0.453256525031712	0.433918411592525	0.488003718099643	0.534061154296141	0.987393546124412	0.476033457942621	0.986529586462226	0.654070593484581	0.97684501386269
HF_3	0.962659560609036	0.938538819707888	0.931799909297568	0.9453589402748	0.79790863586917	0.761493268708876	0.0281537738536932	0.592965286472637	0.0309607503076237	0.919789107890972	0.84106666237814	0.764763930329779	0	0.0136432103898467	0.579070404662652	0.847851515869141	0.834723263297841	0.876754734133107	0.960154071879569	0.857365287341705	0.883540740546003	0.894358404378207	0.896328274745813	0.939140410350245	0.851478870348158	0.94282809349633	0.862935643556928	0.809216343357238	0.911718447368431	0.879387429428594	0.391673967323362	0.882685560145784	0.992631736702429	0.904526231094842	0.943210351889503	0.890512767224239	0.988971106267487	0.858558485548814	0.989310934472799	0.99061688739558	0.997292297165008	0.871122325804455	0.78162061978767	0.855216322725654	0.883652113871607	0.804085787406502	0.805287115589905	0.861222874787525	0.971073163127979	0.989845077013458	0.998089765120619	0.906121726692799	0.846767003026562	0.672795327456245	0.744935844441732	0.772726701133665	0.776132430470587	0.995138747548207	0.876172217644797	0.993502944255539	0.72756721109136	0.990465462879152
HF_4	0.97638090257494	0.964530076982519	0.963534381740335	0.970656301435332	0.810440913913745	0.783212252119871	0.0222036742939965	0.593765417240087	0.0232507487073271	0.922724076333663	0.830699904920651	0.789167939162247	0.0136432103898467	0	0.594442964889254	0.848881048071631	0.873065154973545	0.904476018596123	0.971653875790599	0.888303220320155	0.903234410376893	0.922321499024435	0.92189206446081	0.9416056567285	0.892696206411646	0.937138664685934	0.898931756688361	0.831407090123855	0.929892499115107	0.908445850846361	0.410736801677853	0.901074259884313	0.99418552583358	0.912617537639667	0.949368054435458	0.909679697012527	0.994851753433906	0.887643138234238	0.993933505825634	0.993300810574557	0.999302794915526	0.874347753607659	0.789822867543361	0.84470086154202	0.888059729909918	0.818966105732171	0.833503129145293	0.900848102643684	0.977623184118686	0.99569496763498	0.999165434674908	0.925018630206826	0.876234533024652	0.723883392901724	0.797933045977994	0.807952419003727	0.816727342888634	0.996113757542222	0.896696992031194	0.99661920881943	0.741692060241846	0.992817327942251
HF_5	0.979846627377053	0.96691930385512	0.963163411040216	0.968164457440797	0.862984818992682	0.832334005032614	0.625300855294146	0.716512727892863	0.628414056298684	0.887150593699864	0.717444650287236	0.283049076775558	0.579070404662652	0.594442964889254	0	0.761960884016301	0.586839134515321	0.549511209733017	0.858574146373529	0.723783501969994	0.485250628769869	0.585099807786998	0.745487579997196	0.802904625915595	0.655765611416367	0.862044535035909	0.76480493371965	0.741462239978196	0.953743013554447	0.509808277171407	0.648061590130203	0.809770763226036	0.983901930500827	0.792288569983559	0.972705603818953	0.624543119968823	0.990240446773477	0.512294967998527	0.946780255298518	0.992673381818802	0.996883071202964	0.899131209879927	0.80173383478337	0.877839183360321	0.894599115495132	0.89676521699311	0.862876727354451	0.343052029810486	0.983159072714569	0.995052137494435	0.998622415039819	0.767600552635713	0.501304412036192	0.669389633892701	0.71207273972443	0.805673349841627	0.703803494170886	0.997350788146847	0.382628805043855	0.994889021238257	0.816688481957432	0.992624636841049
HF_6	0.926743833587784	0.901718270590574	0.867111047809511	0.880588619280155	0.474986165151512	0.503984300941521	0.955974680626449	0.327723792103205	0.976706570707889	0.58709488173246	0.32543874879796	0.464510305357528	0.847851515869141	0.848881048071631	0.761960884016301	0	0.635092236549598	0.603391237134449	0.921780189358071	0.670572352519637	0.754322053755471	0.741355943971211	0.791422515183668	0.521381298214815	0.71685774042718	0.31433823616648	0.700611912404596	0.55406133034573	0.846497542393401	0.760707910843728	0.592829759947648	0.595338438756827	0.988177455237498	0.799743854315225	0.944492362284688	0.824883265635448	0.991474877589426	0.950210703826423	0.981389611554189	0.984505857031743	0.999387853880761	0.716189544616311	0.753101686837957	0.591328142277473	0.509815766137979	0.478583896266238	0.658246303953152	0.814822034396139	0.956193858016797	0.994899235383958	0.999069867958898	0.817628235473982	0.67863085030435	0.689917513777557	0.672612840526004	0.552187279398902	0.660552337955866	0.989704160648776	0.764072168638381	0.990167457543381	0.699607052478943	0.982878804174056
D10	0.917674003053664	0.74167015296253	0.869551332715343	0.888586726433031	0.814766979473105	0.753462583165593	0.958969386663521	0.698685626225535	0.974461214451348	0.81951047410467	0.681948432207228	0.436986301822186	0.834723263297841	0.873065154973545	0.586839134515321	0.635092236549598	0	0.308123962654423	0.728779167177638	0.255891815391277	0.241545694140788	0.350890414795389	0.353182722050406	0.754891652881488	0.216645161473375	0.867126631154035	0.276246887072837	0.39650753916262	0.778785301405642	0.808170213502191	0.747046270370554	0.771922980116925	0.962106434014978	0.843649104455054	0.921860345193479	0.827250372799713	0.899694735817828	0.868791428458464	0.938749165255997	0.958974728397994	0.976277508630061	0.815742209684913	0.75777869023825	0.70341838845688	0.633835847531837	0.567387236200615	0.658851120148734	0.540576217506191	0.914920968541556	0.893646084508659	0.98349688924766	0.707875918566095	0.444811060622745	0.506000730968846	0.491773973781391	0.585579740272972	0.623629684971788	0.985880995830303	0.3569340533798	0.947027538791508	0.701615826807226	0.967812072269012
D11	0.847550109605462	0.741555776611416	0.915276172443139	0.92872574731621	0.836712235189919	0.819890026683244	0.971619841800759	0.747704114693577	0.982533972788052	0.827622456358964	0.717698411665765	0.443048192033611	0.876754734133107	0.904476018596123	0.549511209733017	0.603391237134449	0.308123962654423	0	0.702870175542395	0.315358931044412	0.394160384490658	0.18359589050037	0.326759406982503	0.67823413332752	0.291092309668982	0.844110379805546	0.303245733279612	0.494777790136336	0.836151427269725	0.852815625272154	0.799827832914546	0.794234964747316	0.84260231163711	0.801089475026687	0.889678785409489	0.897403292261062	0.817729218561892	0.923750792126907	0.848697663353965	0.821044897878455	0.921798103883935	0.738688812571287	0.81091524111502	0.720887913048997	0.661952333874164	0.697424652494252	0.764529615615366	0.690115987591843	0.890326087814784	0.737336333987424	0.951651530229491	0.774069578401924	0.562598405119891	0.652978219224591	0.638765954016111	0.708199281724238	0.631277379444657	0.976318660735986	0.497204338022712	0.877134001442098	0.762746491657356	0.933399224906064
D12	0.975186893484887	0.973890740231808	0.964264169055828	0.969980541121061	0.961311414807238	0.935493121601521	0.988814850116682	0.914593943627522	0.993368282852209	0.958158148332171	0.837088532890987	0.844336612893217	0.960154071879569	0.971653875790599	0.858574146373529	0.921780189358071	0.728779167177638	0.702870175542395	0	0.745047787766642	0.741707855806762	0.762435103281485	0.793433245049078	0.905830819731726	0.388239516676496	0.964208227556019	0.762346163558406	0.83836335303875	0.928501723754112	0.972374574785193	0.928461413363172	0.964988757761483	0.985719009617954	0.964072285314037	0.982764452122498	0.977361137801885	0.991679788891385	0.990080775723718	0.990400030536555	0.982493979468878	0.994309728684164	0.949465752392344	0.936882351218229	0.908541563033677	0.898470312099168	0.914934553500717	0.898268874930699	0.861117093958904	0.989893999999453	0.984115507079317	0.999043588899749	0.904902107945156	0.803795129473973	0.844833946671539	0.840848415099514	0.881966484751551	0.898272025141997	0.997526062534672	0.769081389880627	0.993165093435874	0.911810753348336	0.995296360177637
D13	0.884166140071853	0.833002658160757	0.852303011504353	0.875660324827091	0.822465808082559	0.701370801610072	0.954574632627255	0.693159707103998	0.973041816538134	0.822059424964717	0.644790385337987	0.540662030518682	0.857365287341705	0.888303220320155	0.723783501969994	0.670572352519637	0.255891815391277	0.315358931044412	0.745047787766642	0	0.408390613017142	0.328298153998824	0.478501795285308	0.81021117760572	0.352262552447178	0.925999805130854	0.343360232103676	0.347128772222624	0.783556730597521	0.86062360920213	0.740581282859911	0.809633148626547	0.974993490978477	0.813074722093918	0.930385512950827	0.885123933413073	0.95328197397412	0.937537912695286	0.965822259634144	0.969658756381984	0.987350501970406	0.711067166791284	0.75002542294548	0.519548655881048	0.478715176599468	0.722747626749689	0.597235566986867	0.713855294487001	0.947535302994764	0.951050535973608	0.992642804292949	0.783864719997403	0.550126741460829	0.576844668019519	0.530462590205196	0.602108694039138	0.639695614986004	0.99113117331742	0.588070564292684	0.97510266724639	0.656156224301899	0.977525213256608
D1	0.936163518736876	0.91962056726112	0.901943188727355	0.916120890171433	0.886576359297873	0.824058505844609	0.970296086979121	0.756391544101329	0.981349434330084	0.871810033317569	0.76215868981233	0.479993456452979	0.883540740546003	0.903234410376893	0.485250628769869	0.754322053755471	0.241545694140788	0.394160384490658	0.741707855806762	0.408390613017142	0	0.332717741035151	0.528410116551373	0.771000225344946	0.349554650641454	0.899479372858702	0.49928445686846	0.540802925690374	0.836668006093338	0.878933564649274	0.793335316608941	0.879684343345684	0.974121755601408	0.85407795274487	0.946985856563447	0.859515423980252	0.979706113507309	0.92761845643857	0.97282254614922	0.968232374860445	0.987672769497588	0.862320543027459	0.790862139332266	0.802671855524235	0.762335026511448	0.746259800415762	0.729049783932562	0.512198161293509	0.966813731339459	0.968907230414317	0.997708428991779	0.692759659387487	0.364318829667482	0.51623790599091	0.526066847557534	0.651556410792131	0.664372099932369	0.982981253470193	0.228904518889169	0.984303138939764	0.756427100973238	0.987030911160276
D3	0.850230134367535	0.923650844759544	0.891576310478733	0.913899935859071	0.887973925852764	0.816713125278783	0.969981946270935	0.757853695834628	0.982689271222657	0.870672064819419	0.804058157547009	0.605116769409554	0.894358404378207	0.922321499024435	0.585099807786998	0.741355943971211	0.350890414795389	0.18359589050037	0.762435103281485	0.328298153998824	0.332717741035151	0	0.51786908622735	0.747987792862407	0.424533465946508	0.873728287056124	0.482625707303769	0.633647253422088	0.863091698053146	0.875175027748634	0.806363945178538	0.891562206704097	0.969400788538597	0.820525376004412	0.941414230383519	0.899886945622576	0.978929040168117	0.926597945055307	0.974138623934684	0.960506047349524	0.986504906814676	0.721319932898492	0.822122776687959	0.844146498884153	0.844987989751598	0.800459453932944	0.727499473776553	0.59984454082735	0.972071500953464	0.965957141719528	0.992216557503765	0.75894215251844	0.484168926663457	0.618908273047197	0.591223526348235	0.725977478194982	0.663425047232813	0.993882585266487	0.39450016989534	0.981902159675085	0.816336265854563	0.982915376932573
D4	0.924823228915352	0.267376809193889	0.933762188184384	0.947227577907034	0.787373370057084	0.861237603623773	0.970158433243434	0.798620168054093	0.978298912032711	0.796090594237727	0.812820436075647	0.663966112089732	0.896328274745813	0.92189206446081	0.745487579997196	0.791422515183668	0.353182722050406	0.326759406982503	0.793433245049078	0.478501795285308	0.528410116551373	0.51786908622735	0	0.730032747695641	0.216578302421934	0.859197069288905	0.138522349354863	0.63036585389936	0.856162195578059	0.892073712033898	0.816742871867713	0.620788713438309	0.842627840659507	0.898442219504641	0.867485683728925	0.927191279652006	0.602333233164485	0.972068684393024	0.780187255149251	0.840896396334434	0.903095932466064	0.83005225917409	0.829909445268038	0.833003737573701	0.802663809673193	0.8026364968728	0.798215230726381	0.758492421759932	0.763568135981761	0.548325908901457	0.927289879981488	0.824124716264743	0.656991405725864	0.709993102418527	0.707147823981015	0.759023953394435	0.753291204692664	0.971718187133472	0.525554717618044	0.785194124631496	0.811627368144187	0.903076889174068
D6	0.939758506560749	0.888452280929809	0.982508283122963	0.986528071611126	0.625736528245233	0.727758855588788	0.975772708897262	0.498571703929253	0.987859703566454	0.0917325171477006	0.664906679269219	0.811632147220488	0.939140410350245	0.9416056567285	0.802904625915595	0.521381298214815	0.754891652881488	0.67823413332752	0.905830819731726	0.81021117760572	0.771000225344946	0.747987792862407	0.730032747695641	0	0.749240080921194	0.266923830658073	0.766023912040853	0.85490019106559	0.930367581523787	0.80183943806282	0.725821715132387	0.673062353367397	0.889758217251265	0.926529592643321	0.932991374026767	0.890408626771326	0.896856581210782	0.943500525442782	0.918939753950961	0.875765181663722	0.952845785478992	0.87782707886938	0.889016239636074	0.922890662623643	0.868214681375122	0.820272112236611	0.911840742653142	0.840126571638659	0.943346140392195	0.835773547782377	0.98139246295938	0.903842295140442	0.800099263563157	0.869499074770922	0.871628669290973	0.809338196064314	0.871252403554788	0.983627902957982	0.752039556367492	0.925639069776578	0.916743470162903	0.971458500585422
D9	0.917354750934887	0.557913929358848	0.883098819835774	0.9032660812335	0.810880680999277	0.80385329384078	0.960871550306992	0.747804083710273	0.974363470574855	0.808571512791674	0.719716679605983	0.536406283706949	0.851478870348158	0.892696206411646	0.655765611416367	0.71685774042718	0.216645161473375	0.291092309668982	0.388239516676496	0.352262552447178	0.349554650641454	0.424533465946508	0.216578302421934	0.749240080921194	0	0.887968216291458	0.200260026050614	0.519112534207645	0.797898333496575	0.826175906478624	0.780172390850854	0.708283508130989	0.9155478073051	0.883469553826006	0.906115534415202	0.866061898695452	0.788398938543286	0.890432679452974	0.880841662842445	0.909368540660928	0.946856444800677	0.838367343668928	0.806368307652536	0.78967955939461	0.752796334653218	0.677843262864012	0.710658811994234	0.615296014378099	0.859119395416133	0.762592827635369	0.962933043426029	0.757956003124879	0.540124331975891	0.574672943066594	0.580976666426453	0.658181081760834	0.682147191108629	0.981951985638235	0.445588730896076	0.886224110707926	0.769027679948206	0.944606651635048
DA	0.988912301671117	0.935849706980657	0.995293581101583	0.997700110252959	0.447305081072566	0.617961847145472	0.970200446352427	0.269429431130227	0.986221934553464	0.401863549319376	0.56744592724137	0.873442309898872	0.94282809349633	0.937138664685934	0.862044535035909	0.31433823616648	0.867126631154035	0.844110379805546	0.964208227556019	0.925999805130854	0.899479372858702	0.873728287056124	0.859197069288905	0.266923830658073	0.887968216291458	0	0.892136630248627	0.924781392064627	0.968353562682881	0.761309762252418	0.627750703014813	0.555278426154777	0.978336694179408	0.923444772318813	0.964215958624527	0.877107560711604	0.960976972191241	0.971388972054203	0.973665479311569	0.979795712221565	0.990678412173273	0.862735341477491	0.881147156881967	0.93429571586064	0.859103072650743	0.813485457190301	0.935452122082293	0.923367003989332	0.960891706274344	0.953785824827102	0.992462454404757	0.943071182040638	0.893231947269105	0.929445412383608	0.937362878003909	0.789784979750609	0.908639589140966	0.992437813246122	0.850760970046268	0.970025907694772	0.943181442743152	0.986160055634937
D8	0.883045214085219	0.423685698170893	0.883240070553488	0.902687430987158	0.790659972937974	0.803986369017875	0.962126372005456	0.761112105467422	0.975022662181846	0.800942105939555	0.755401478971553	0.5803340288771	0.862935643556928	0.898931756688361	0.76480493371965	0.700611912404596	0.276246887072837	0.303245733279612	0.762346163558406	0.343360232103676	0.49928445686846	0.482625707303769	0.138522349354863	0.766023912040853	0.200260026050614	0.892136630248627	0	0.497829479763329	0.80852285820607	0.872778287860992	0.793721662104261	0.684484305551726	0.888135825894372	0.875504424652058	0.889607339616517	0.90910073811227	0.711655555186991	0.948600198943252	0.83988931123132	0.886658815133287	0.931981113115094	0.814665928486466	0.805692858827154	0.75683913390936	0.71170731810183	0.686969036393397	0.726539212803082	0.766530295004973	0.819241842624278	0.676576100138757	0.947058747724825	0.816880191226877	0.670581960813299	0.65532044292907	0.640354376532317	0.700639322116289	0.682331426491898	0.978701027450336	0.602223375251451	0.845210339271796	0.75398787096944	0.925179345294372
DC	0.886566404715686	0.827171098448364	0.82137920673842	0.852188399770507	0.726937175795376	0.540735280189737	0.93761099846739	0.549353972908098	0.965047354117923	0.767425983104758	0.508667020947616	0.365759580594562	0.809216343357238	0.831407090123855	0.741462239978196	0.55406133034573	0.39650753916262	0.494777790136336	0.83836335303875	0.347128772222624	0.540802925690374	0.633647253422088	0.63036585389936	0.85490019106559	0.519112534207645	0.924781392064627	0.497829479763329	0	0.676633366349862	0.788386011736134	0.607406927691528	0.692849690750539	0.973322484531744	0.693304031310665	0.912342517704521	0.810024372182189	0.962923645254929	0.915036985283394	0.964928334618736	0.964289434709421	0.989708786373239	0.602005908876619	0.574375771395114	0.38188627259743	0.339831202039088	0.444989366052721	0.320525713770889	0.691511199193953	0.938218708752908	0.969761791045539	0.995299592069212	0.721654384665025	0.490238241432485	0.467283793903146	0.312879649835717	0.409304807843752	0.5544104143806	0.987096356119629	0.622314163858373	0.982431260619437	0.461928697184689	0.970274160126375
DD	0.938253876146077	0.916903672591015	0.901278040983463	0.919734995854464	0.875715177618603	0.809368840260372	0.970142656419167	0.822837363636829	0.982886087760323	0.899155669473846	0.860531528742983	0.784455956247705	0.911718447368431	0.929892499115107	0.953743013554447	0.846497542393401	0.778785301405642	0.836151427269725	0.928501723754112	0.783556730597521	0.836668006093338	0.863091698053146	0.856162195578059	0.930367581523787	0.797898333496575	0.968353562682881	0.80852285820607	0.676633366349862	0	0.932048814390966	0.828657895670263	0.880572750878554	0.976726703246157	0.882432283828748	0.955652569093633	0.936465979101294	0.975663584354436	0.983693552973304	0.978620063031525	0.963959221244135	0.98576624060806	0.855101595829765	0.822775923139811	0.864533138884725	0.85095596757888	0.766024025133496	0.683833244982522	0.881708325400959	0.95818543578971	0.962696841054632	0.980451413110598	0.885211677184316	0.798021369521902	0.750738581497968	0.696001248947139	0.73866193133039	0.798116582705882	0.984791650868387	0.886600060650049	0.976196797335379	0.808428030456976	0.968390485355016
ASTUR_7	0.964133993411289	0.914063715863178	0.935390954333813	0.951219279966123	0.746315974858719	0.704802008432222	0.951814367936366	0.689906676595369	0.96316568041252	0.817576600431219	0.668560159341259	0.663780324904626	0.879387429428594	0.908445850846361	0.509808277171407	0.760707910843728	0.808170213502191	0.852815625272154	0.972374574785193	0.86062360920213	0.878933564649274	0.875175027748634	0.892073712033898	0.80183943806282	0.826175906478624	0.761309762252418	0.872778287860992	0.788386011736134	0.932048814390966	0	0.581694949877589	0.48129781739219	0.975047617522785	0.805667729658168	0.962635842715467	0.312739968805837	0.965120939006492	0.136967976859697	0.945344988991091	0.974342489379076	0.986299924476367	0.845364015602839	0.832109948438998	0.918282741207448	0.910409756321277	0.860015977543612	0.804801500615207	0.257687447389049	0.971566680687061	0.975371519829094	0.994395894372091	0.91462135141185	0.845450825829359	0.843824078419294	0.816279178570209	0.81242993979909	0.794355746757533	0.992775287872078	0.872407708789182	0.985465039825373	0.859068023572685	0.986533513718299
ASTUR_8	0.911037359917827	0.863194227157674	0.853849111106814	0.883312464119537	0.478212525971903	0.410567387560243	0.445593711107244	0.294804586948338	0.470383334343341	0.711058939235981	0.639412158237214	0.61891640766557	0.391673967323362	0.410736801677853	0.648061590130203	0.592829759947648	0.747046270370554	0.799827832914546	0.928461413363172	0.740581282859911	0.793335316608941	0.806363945178538	0.816742871867713	0.725821715132387	0.780172390850854	0.627750703014813	0.793721662104261	0.607406927691528	0.828657895670263	0.581694949877589	0	0.503309905494595	0.980621116510334	0.759920755979954	0.903778509462876	0.800165637398064	0.967342647922785	0.889782321949524	0.971219285354124	0.961772551070461	0.989350566942112	0.682725133434918	0.616898529142463	0.801880523746828	0.792735950971574	0.706309545217113	0.524939214483873	0.755826179911566	0.940342668789231	0.975785642189259	0.996393800176315	0.810302716918192	0.651752028317704	0.545464618826474	0.504343407609964	0.524432597247772	0.643059407122686	0.987310419970935	0.74564559946155	0.982798432631623	0.610907858629352	0.976475719506202
ASTUR_9	0.95413282386685	0.619831769096764	0.927319667389259	0.940245547823786	0.498673779382612	0.553106476112305	0.945034373161716	0.428102504109229	0.964308064144194	0.678436429089426	0.633310546530291	0.751363786264392	0.882685560145784	0.901074259884313	0.809770763226036	0.595338438756827	0.771922980116925	0.794234964747316	0.964988757761483	0.809633148626547	0.879684343345684	0.891562206704097	0.620788713438309	0.673062353367397	0.708283508130989	0.555278426154777	0.684484305551726	0.692849690750539	0.880572750878554	0.48129781739219	0.503309905494595	0	0.938390507010069	0.807171617001357	0.888903303444183	0.681952377040677	0.815730335956973	0.717354474900514	0.895963278012215	0.90737735238243	0.951434780171994	0.756213081386911	0.748636744795362	0.868777478333509	0.833271339906096	0.788565291534491	0.674688643636431	0.677071605921895	0.873805756852352	0.814226326711682	0.968883976089022	0.886191124640284	0.782659840515409	0.772802118447986	0.713196945077972	0.669070889029056	0.781297790679346	0.977918400601768	0.814028071767208	0.907647113339781	0.768699921287312	0.948532361920635
J1	0.935451574069783	0.660174844227361	0.414829095802967	0.390001761600318	0.97000004947135	0.980829001036306	0.996355008735765	0.978276991247134	0.99720505323278	0.974720974840296	0.981549996959831	0.976829166971807	0.992631736702429	0.99418552583358	0.983901930500827	0.988177455237498	0.962106434014978	0.84260231163711	0.985719009617954	0.974993490978477	0.974121755601408	0.969400788538597	0.842627840659507	0.889758217251265	0.9155478073051	0.978336694179408	0.888135825894372	0.973322484531744	0.976726703246157	0.975047617522785	0.980621116510334	0.938390507010069	0	0.589206167022544	0.193167749219937	0.681512638697936	0.561158432814471	0.947570025608596	0.235759827975942	0.0899437554467144	0.465541735674691	0.862746296255336	0.478546219439195	0.987992114478548	0.992940800679417	0.992159964140922	0.979292495726971	0.980720540912356	0.59135501677646	0.66241791071185	0.925626703166581	0.989301455831949	0.976911542131533	0.990980229755323	0.986944728649301	0.987784466981978	0.987601977521531	0.896150349342664	0.975364275755326	0.819324779253655	0.985894078605496	0.871267091933326
J10	0.922653766634127	0.816407457667971	0.618725496857469	0.630490058419359	0.830473308409042	0.718081659912099	0.956107357881565	0.766931284691739	0.971225897310185	0.874013526491799	0.778599785744612	0.661844668410522	0.904526231094842	0.912617537639667	0.792288569983559	0.799743854315225	0.843649104455054	0.801089475026687	0.964072285314037	0.813074722093918	0.85407795274487	0.820525376004412	0.898442219504641	0.926529592643321	0.883469553826006	0.923444772318813	0.875504424652058	0.693304031310665	0.882432283828748	0.805667729658168	0.759920755979954	0.807171617001357	0.589206167022544	0	0.269553330196061	0.508239896935638	0.88194964565596	0.733852709597106	0.681943028533073	0.662500114671887	0.833481913286705	0.168450992220094	0.225932143243222	0.822124657861561	0.860432659868319	0.790649571219324	0.595808708182771	0.786136923894394	0.729818046805959	0.960977685592454	0.948363461088113	0.863172946519944	0.738928720477505	0.742653354739949	0.666384429197674	0.691245242130324	0.772268528313843	0.91843665513439	0.863611612414111	0.943503208970482	0.812180974751164	0.915622138052088
J11	0.948200592193522	0.661715917934088	0.358872033260487	0.335211822925996	0.918047937165924	0.909441665494316	0.959132923308944	0.917705968804028	0.963811795763373	0.951893318281624	0.944451438372396	0.929161646265212	0.943210351889503	0.949368054435458	0.972705603818953	0.944492362284688	0.921860345193479	0.889678785409489	0.982764452122498	0.930385512950827	0.946985856563447	0.941414230383519	0.867485683728925	0.932991374026767	0.906115534415202	0.964215958624527	0.889607339616517	0.912342517704521	0.955652569093633	0.962635842715467	0.903778509462876	0.888903303444183	0.193167749219937	0.269553330196061	0	0.617489296633206	0.720540065289563	0.895392154619799	0.399619742213289	0.311568204910528	0.644030761824179	0.521654613599095	0.323888429981824	0.959265639463593	0.961603421737881	0.948047488586069	0.888844459130819	0.95926107053184	0.58650071345288	0.835319474933166	0.959584211679428	0.960877205780038	0.928776014975234	0.912649663729552	0.896200223809208	0.902108643282747	0.932549306207946	0.877069512308812	0.951446561417333	0.888766867182745	0.936502045552018	0.909128679385331
J2	0.965518387362825	0.862101139352053	0.723594753515752	0.725936555248521	0.835841784377222	0.771525753981569	0.955089855384604	0.804673545813924	0.964003408500548	0.880203546518704	0.684664953837632	0.720040364287911	0.890512767224239	0.909679697012527	0.624543119968823	0.824883265635448	0.827250372799713	0.897403292261062	0.977361137801885	0.885123933413073	0.859515423980252	0.899886945622576	0.927191279652006	0.890408626771326	0.866061898695452	0.877107560711604	0.90910073811227	0.810024372182189	0.936465979101294	0.312739968805837	0.800165637398064	0.681952377040677	0.681512638697936	0.508239896935638	0.617489296633206	0	0.888948848499129	0.248680091009033	0.727751320716276	0.73227436757322	0.847616091760434	0.694678452648769	0.477438616966169	0.875579956770202	0.896426001738214	0.870085509501331	0.779031573511317	0.37394805853999	0.81476790138778	0.958707236700322	0.963857656328283	0.915557897107782	0.840769257802277	0.833699126280401	0.808604743047633	0.796508844314614	0.827700898245482	0.911331817554629	0.890682895356116	0.939837413195493	0.87930748405208	0.943514951631672
