A1	A2	A3	A4	ASTUR3	ASTUR4	ASTUR6	ASTUR_1	ASTUR2	ASTUR_5	HF_1	HF_2	HF_3	HF_4	HF_5	HF_6	D10	D11	D12	D13	D1	D3	D4	D6	D9	DA	D8	DC	DD	ASTUR_7	ASTUR_8	ASTUR_9	J1	J10	J11	J2	J3	J4	J5	J6	J7	J8	J9	S1	S2	S3	W13	W16	W10	W11	W12	W14	W15	W1	W2	W3	W4	W5	W6	W7	W8	W9
A1	0	0.288347901285056	0.314169891625718	0.284660202803242	0.640297783198936	0.577244381449526	0.576057744937023	0.513221144829574	0.597448974929175	0.466419180308982	0.478442838808402	0.446049946470089	0.448991539252311	0.444486688269524	0.458224185888916	0.455018970738146	0.481820095203964	0.574577555105209	0.590991755383867	0.504376319928326	0.489112015124491	0.463735029750642	0.485949422225072	0.546128979074372	0.559918781916217	0.536334076332421	0.521655347097814	0.439275979802114	0.48235051162764	0.534641996960938	0.499182659025386	0.54078922233369	0.695415113405657	0.581829694620481	0.559253333346199	0.59373447477964	0.798290587003894	0.623653635118665	0.751907475968201	0.685211442192876	0.758090308612191	0.586856616119702	0.562472371958232	0.43950657448967	0.414310490857031	0.411547503798916	0.469929165162344	0.500025848896623	0.535803478644567	0.749446947745316	0.629437257087198	0.501477600405628	0.505708498289974	0.463674783999651	0.462521324064378	0.480349271628215	0.52154703022668	0.537822609656204	0.48143932339565	0.739306608066501	0.506760087743574	0.529951360433477
A2	0.288347901285056	0	0.189455177829346	0.204981972804268	0.711602585468123	0.606575568651617	0.621272664777361	0.541534919885273	0.653357570184026	0.537646733336392	0.52071709506367	0.485047277297423	0.50001610843484	0.487090265023603	0.503860254046367	0.524043396214297	0.543202502960887	0.647581974340046	0.664368265348064	0.567346629116987	0.55044374049953	0.55681958708958	0.564609984328886	0.62760078548224	0.623542939724867	0.606834686978056	0.60628857430325	0.50448020940585	0.546268855082509	0.562997197678057	0.550439140266715	0.550163130896131	0.67666979336312	0.596038537995315	0.573591466843105	0.60326806105542	0.795165406623607	0.633595831495048	0.748221398939093	0.679647617537622	0.767298554209474	0.622587607622261	0.557296886709042	0.47157318411628	0.46574629786401	0.451056237946123	0.51589209632254	0.562686848662895	0.553828965390481	0.773682401422722	0.63882168978493	0.568669242599214	0.586293279144847	0.508126614036818	0.514438139167016	0.529700870489171	0.578065821093255	0.550712454446862	0.533016441407963	0.769848207229271	0.562142437498409	0.564479627249455
A3	0.314169891625718	0.189455177829346	0	0.183571642694589	0.726699881809149	0.636731399546188	0.637191466692712	0.570413136481244	0.669918344056893	0.575685967051812	0.534423624937359	0.505834317109557	0.512746057110951	0.489183053564689	0.515857702456273	0.530111149889225	0.570102741142745	0.667890167368494	0.688616057923258	0.602365921472369	0.57534631006395	0.574245492647637	0.591136064742283	0.651544953239469	0.648077485915274	0.629982036225283	0.624476020794262	0.518037143103645	0.565916368925995	0.597645602008134	0.581146068418668	0.583386374260456	0.685515156756868	0.596487723866071	0.588286237982365	0.620597893556941	0.806557570132059	0.649050777666352	0.75572530503944	0.682194222945604	0.782776138642046	0.626391109092001	0.570785891514743	0.480007002230263	0.471961032246509	0.462737953065488	0.534519611487704	0.591410165210979	0.570027197523189	0.80803523083826	0.681530968148561	0.594322156596133	0.61255914314918	0.531602596849671	0.518894964710447	0.546032583368227	0.581074488052904	0.568553948623914	0.549194585534489	0.794045806682375	0.569457340348312	0.581524541970259
A4	0.284660202803242	0.204981972804268	0.183571642694589	0	0.723701511715388	0.62926459935817	0.646161396473599	0.563891765663002	0.665609039298927	0.569195425177786	0.542301098374466	0.513419697882226	0.51711447950961	0.490091536538706	0.518271051882058	0.526743566108023	0.555231114368691	0.64216876789227	0.669750427310366	0.57983946419394	0.560537779953145	0.55402456023106	0.572737622643224	0.626217987156588	0.635069332586844	0.625706790191553	0.616422964453684	0.51139075121796	0.560779135514758	0.595018620272169	0.56853457811114	0.588845122275293	0.686482927240502	0.590160522619618	0.583569763481046	0.612587053357684	0.804043842704631	0.638046186739418	0.751799534459552	0.686421474989853	0.782911338084923	0.629932991990852	0.569600751304511	0.493103517439204	0.4765060178462	0.464248267378282	0.5201674144177	0.570844327236157	0.565666883578257	0.792398375434676	0.670465252422246	0.588452691362887	0.601371655881905	0.518582372109693	0.52100088278731	0.545525225193672	0.578275981851878	0.555858561697522	0.534056542850568	0.785444095508079	0.562213676252584	0.579959480722426
ASTUR3	0.640297783198936	0.711602585468123	0.726699881809149	0.723701511715388	0	0.350659956637881	0.378661314036658	0.463441812406607	0.366721760855845	0.521532908193751	0.498778583528495	0.539479930208834	0.535261919214595	0.525734821373562	0.522608210232276	0.51745164277015	0.580057595069141	0.581105333382242	0.609584614146909	0.544701811104579	0.578084930137034	0.549590474067552	0.553916001090393	0.578630553048228	0.612383656586367	0.581472767069509	0.586443794084016	0.521516625082394	0.533179655573599	0.525129863737852	0.510038932459404	0.519227688384159	0.661959787647788	0.595678108991011	0.594964680698392	0.609696534794542	0.705509102923065	0.602358225815902	0.734977793763711	0.645391256743434	0.712451510421659	0.550587488293888	0.58015048561212	0.579326800620114	0.566785524206947	0.549037224172865	0.501177613597792	0.528816339344388	0.595078099256697	0.670986303102515	0.61323461508283	0.519884524718943	0.512492577021868	0.539711468201306	0.531959023855584	0.538745154496372	0.529992276651039	0.599711159485436	0.51912968054589	0.642518387689446	0.513334832670478	0.578234098971105
ASTUR4	0.577244381449526	0.606575568651617	0.636731399546188	0.62926459935817	0.350659956637881	0	0.362126821345538	0.359726282823751	0.348547284029257	0.440563829736845	0.396432071478091	0.419144495792223	0.43673298785486	0.423382014974917	0.41219321895269	0.416178910979934	0.49616023710657	0.550485085081483	0.573121277535159	0.480847375043464	0.49543434564607	0.471316179870618	0.50329013627375	0.552548314052541	0.575299759809554	0.530500021956311	0.540770502776502	0.44074711372632	0.487028461940852	0.424696647262092	0.414305746808997	0.434736349047609	0.643133475045781	0.52158234101463	0.506809948778037	0.567423404981243	0.704423909928741	0.546473626941449	0.700105385676963	0.642302277620635	0.681962296437344	0.497754479739622	0.50166904413647	0.483346518768247	0.488227680353586	0.469752484302081	0.438684866135351	0.465811160384355	0.562229191573422	0.672264674596909	0.601521840927971	0.454277787514434	0.458870095848571	0.45862318099512	0.444300569192399	0.459271782051787	0.464125018599458	0.533340533973671	0.445808248653874	0.651865790245336	0.438050313471478	0.528849194457955
ASTUR6	0.576057744937023	0.621272664777361	0.637191466692712	0.646161396473599	0.378661314036658	0.362126821345538	0	0.40891093697034	0.284528730997246	0.458004447843932	0.422551326448565	0.441841642671489	0.442958168021921	0.418467845024357	0.429101628748662	0.43662304393133	0.497641399412289	0.523054567373448	0.558499796476017	0.477734066226783	0.504072301439404	0.450695287137406	0.477488716964743	0.528757443254459	0.559858131345598	0.532771777824408	0.509630395131116	0.448247921232671	0.463370039069583	0.461345409629551	0.433484493883499	0.46722247878643	0.656159906986679	0.545496437197443	0.530183836579493	0.565179849061638	0.70106140813713	0.558392130959852	0.710307164949831	0.608177888944397	0.696903508294128	0.517534903625721	0.541342055460144	0.470500455019095	0.450748483374815	0.451065508814126	0.43123737700166	0.450422526153066	0.542101225625079	0.680453408287693	0.591005443146109	0.459915525906294	0.458985501488852	0.463648814829314	0.455880752942845	0.467036700336185	0.4520977415749	0.562156148882291	0.427355633662644	0.662997329628	0.433247823651564	0.52746468035964
ASTUR_1	0.513221144829574	0.541534919885273	0.570413136481244	0.563891765663002	0.463441812406607	0.359726282823751	0.40891093697034	0	0.414878336430557	0.317287659437592	0.362839601590434	0.381209750637815	0.380474581576941	0.355867007727143	0.357750648309099	0.350329074280058	0.415510773323699	0.505255198685198	0.522570907291731	0.405950690599296	0.435487060923686	0.394420956592455	0.434866720784757	0.470143077899973	0.528909721769367	0.48360016640622	0.482167477474136	0.392904038759079	0.426365533027299	0.300501991190795	0.292463170808402	0.303882205553813	0.677380630176884	0.544068102795659	0.527895018033093	0.573928099507064	0.752143064449787	0.573172744633975	0.739812536466725	0.653614172069649	0.715500934567101	0.512420958410473	0.506016553171304	0.419582096977126	0.412369217354165	0.388417058508073	0.394781537106907	0.422582649062313	0.531211445629213	0.700247548162669	0.589025916882282	0.415892810551897	0.430402528823424	0.403776884812631	0.374799160313812	0.399496953344146	0.429928813750287	0.54442925874489	0.401865115430813	0.658225618189977	0.40287881714499	0.504951623682
ASTUR2	0.597448974929175	0.653357570184026	0.669918344056893	0.665609039298927	0.366721760855845	0.348547284029257	0.284528730997246	0.414878336430557	0	0.478677019561459	0.443538315517461	0.474505689910915	0.466588319263916	0.456955658708244	0.457356642702797	0.460450459840299	0.515556091761719	0.542814890542394	0.575921196554921	0.4887344352227	0.515007293988867	0.462805312637279	0.483576515555402	0.552512570220441	0.574660874147593	0.53901922360829	0.533050488287677	0.476793206642536	0.487606539085758	0.461541477775951	0.443162575327522	0.475886502691226	0.650689595589459	0.562306623042065	0.545036181270047	0.597317866785973	0.697675230762547	0.563014304432258	0.71879939734822	0.628298495580424	0.688767274809324	0.52984780228991	0.535868716145491	0.509889744609432	0.492737702832712	0.486144899609789	0.463742492875766	0.467813257927636	0.549479222306325	0.677988827640631	0.590558706905873	0.473122492873467	0.460354277639238	0.487725907509435	0.479306903045848	0.478345093785611	0.476419960833825	0.550026297818029	0.452471634689236	0.643139425898787	0.458995361509004	0.532081517838222
ASTUR_5	0.466419180308982	0.537646733336392	0.575685967051812	0.569195425177786	0.521532908193751	0.440563829736845	0.458004447843932	0.317287659437592	0.478677019561459	0	0.340683074100312	0.356179030901951	0.361842152240481	0.35928271226903	0.344896687817039	0.333752069450672	0.376431237729864	0.456413693163857	0.48956400583019	0.36341759429572	0.379153918335014	0.355399887226007	0.373380085780395	0.404276828018181	0.464710631689066	0.384978555322161	0.423398507903325	0.359867880049703	0.401781492271525	0.341935245040566	0.35072497202105	0.33937321548467	0.675933940037858	0.537486614167171	0.516709889511598	0.560790729913576	0.77085656968244	0.563594749466886	0.718560000855769	0.660368532627659	0.724625790049492	0.529393137573444	0.499066184791961	0.411185765528326	0.40245431785591	0.384516379985153	0.383055254097137	0.427565624085201	0.49984445428155	0.700966265070158	0.586989090041045	0.405515078814471	0.42084334476016	0.400296455897091	0.395789498439508	0.408557841739576	0.42540490452787	0.521460830490506	0.420060102382513	0.675229283135355	0.411790129969468	0.493781948002249
HF_1	0.478442838808402	0.52071709506367	0.534423624937359	0.542301098374466	0.498778583528495	0.396432071478091	0.422551326448565	0.362839601590434	0.443538315517461	0.340683074100312	0	0.259429488344429	0.296276184711107	0.274722011489489	0.278100737901158	0.292347657632286	0.382567358478806	0.477173906808064	0.485940254144636	0.388416622099741	0.400687744174865	0.371024831759469	0.41374426757967	0.462164171739482	0.495031910716194	0.455375833577328	0.441009685946353	0.330454095312207	0.404122882461302	0.39991487653281	0.384048343786107	0.394521032023876	0.670514234503474	0.519387970334362	0.511280322177003	0.561437830850644	0.781050461107091	0.551846115702669	0.737213053094282	0.655744274015271	0.729568157920622	0.478140872483878	0.477422085735787	0.321383393151363	0.325503697714623	0.316188417765957	0.350269217253616	0.393409035123334	0.493916234499576	0.711967776770567	0.578577298662132	0.426464944687852	0.42371169002561	0.357589853010798	0.344914370586837	0.378294737649115	0.411454983949897	0.519963802992062	0.362122945105765	0.680774972083252	0.373469974237267	0.478523901715417
HF_2	0.446049946470089	0.485047277297423	0.505834317109557	0.513419697882226	0.539479930208834	0.419144495792223	0.441841642671489	0.381209750637815	0.474505689910915	0.356179030901951	0.259429488344429	0	0.272241525003586	0.249592153996124	0.241471030760259	0.2771419465879	0.359079690450106	0.482584500349561	0.478603675975448	0.397668599078455	0.369378640070598	0.389486100051687	0.425473966014138	0.472575765258193	0.46820437649415	0.431705131522901	0.459386753622075	0.326165143105009	0.410314833395451	0.401904972135404	0.361338346603218	0.399075749658235	0.671023156393739	0.490899626328075	0.489781434460404	0.548507184749257	0.766156510414773	0.54409553050349	0.703494516305055	0.65851854481809	0.712518728429022	0.494449717250617	0.472247915581659	0.318171705103279	0.320734103655554	0.300480788672617	0.343863186826097	0.389230201447942	0.479497602175734	0.693410643817452	0.561554047464914	0.398697080196362	0.410128315365766	0.32120803024712	0.3525029755022	0.364051585531594	0.385743525728327	0.495552720655161	0.345838939069992	0.672649393169112	0.366850659596419	0.469343375574553
HF_3	0.448991539252311	0.50001610843484	0.512746057110951	0.51711447950961	0.535261919214595	0.43673298785486	0.442958168021921	0.380474581576941	0.466588319263916	0.361842152240481	0.296276184711107	0.272241525003586	0	0.253166689679705	0.294161204404632	0.291253211508462	0.364144966571156	0.453162134299657	0.444809607052873	0.367445615558005	0.376321944430334	0.361438846712901	0.378818491644997	0.448584896878781	0.438829224374636	0.438497279435609	0.403131878722654	0.327770762614174	0.371935300668373	0.437932242163197	0.378619955355757	0.434287949306855	0.697269564573071	0.516062494887819	0.508590776104396	0.579040050292034	0.764866823725795	0.558946068430121	0.738762836995714	0.655816929065543	0.735251263655682	0.494153338145306	0.492347838024138	0.328555803901946	0.324046796189751	0.30898904115611	0.350671272757756	0.368961029228017	0.45658357527996	0.689554802700115	0.556734131898701	0.385760464390004	0.39943934254983	0.313225003434111	0.314170535386944	0.359739340964916	0.369917586872434	0.495008334206411	0.34216458663491	0.650587811462101	0.346244711707032	0.446831285561904
HF_4	0.444486688269524	0.487090265023603	0.489183053564689	0.490091536538706	0.525734821373562	0.423382014974917	0.418467845024357	0.355867007727143	0.456955658708244	0.35928271226903	0.274722011489489	0.249592153996124	0.253166689679705	0	0.252741624750983	0.279224838489551	0.363304458614579	0.460605501183494	0.465754307137574	0.368776287822394	0.376433458783381	0.354190122881511	0.406857633939061	0.467076445423989	0.458861267663259	0.4525093241512	0.448820633476002	0.320745483145916	0.378258227256622	0.403160742319045	0.366569190492438	0.390463509244902	0.662159387495148	0.496049241885382	0.495816400334041	0.545424549101135	0.766675705748383	0.544698170199596	0.722122589344629	0.641656519968302	0.720250786043352	0.477575163169596	0.469592219848438	0.290852109412243	0.293647415978217	0.270215851855091	0.325562177853871	0.373920280519655	0.450237431374791	0.692445559187429	0.559602336672997	0.38401032519471	0.381386811451237	0.309229821521225	0.300825188350264	0.329827424703185	0.372542300980754	0.482639075483226	0.323707802552539	0.663950362005924	0.332593368577305	0.431584227306978
HF_5	0.458224185888916	0.503860254046367	0.515857702456273	0.518271051882058	0.522608210232276	0.41219321895269	0.429101628748662	0.357750648309099	0.457356642702797	0.344896687817039	0.278100737901158	0.241471030760259	0.294161204404632	0.252741624750983	0	0.283847616922415	0.35935606130422	0.457159623694508	0.498358117858148	0.389382372926753	0.359855080099676	0.363012374492499	0.40209985641971	0.464167497569807	0.469860997313938	0.429997459595585	0.440427277765321	0.348918924297648	0.41001627939677	0.393152543894476	0.373391600288862	0.413207121810046	0.666212449861786	0.491268579958334	0.483460018568696	0.533191200335582	0.762156527205641	0.522234980411366	0.702041612329449	0.648469100293347	0.697936276453033	0.496490275028119	0.473976582038296	0.339532465244775	0.343263293858263	0.316885304072006	0.354174256976402	0.392355647145497	0.498789621281724	0.696612267699528	0.572895977993854	0.408592717968151	0.421420357109716	0.365166336555021	0.342656610735356	0.374542305896151	0.382353852380954	0.50122477165565	0.362013096494848	0.683694107972369	0.359285468811094	0.474953916763561
HF_6	0.455018970738146	0.524043396214297	0.530111149889225	0.526743566108023	0.51745164277015	0.416178910979934	0.43662304393133	0.350329074280058	0.460450459840299	0.333752069450672	0.292347657632286	0.2771419465879	0.291253211508462	0.279224838489551	0.283847616922415	0	0.362731348713213	0.470669752470163	0.478871348972439	0.359373918306431	0.366010104509645	0.364540953554004	0.399835654106743	0.442678572344933	0.465989305137736	0.436041110658773	0.432687837892201	0.350009515328142	0.39097954310178	0.36827066808347	0.340946901769493	0.377389438344593	0.678129282951517	0.510878620742892	0.501499121516952	0.561967978872792	0.766624163426417	0.530014377830159	0.708580586476981	0.636775079007376	0.713529394030645	0.522338248982312	0.475948602891462	0.349499149392859	0.324054535673403	0.306559687151988	0.347801080815058	0.390533625678154	0.492181722947714	0.686788624074344	0.567231254075827	0.396376068837635	0.3937480406699	0.356963114520456	0.344071241377036	0.365731797408465	0.380159009169037	0.488396103850647	0.349673974095802	0.662498172786224	0.357944186030351	0.460092934842017
D10	0.481820095203964	0.543202502960887	0.570102741142745	0.555231114368691	0.580057595069141	0.49616023710657	0.497641399412289	0.415510773323699	0.515556091761719	0.376431237729864	0.382567358478806	0.359079690450106	0.364144966571156	0.363304458614579	0.35935606130422	0.362731348713213	0	0.348770997249737	0.391185989766357	0.269375690807738	0.29624814241796	0.279159239102824	0.296393332165366	0.328083623733487	0.364685109613836	0.316078473934736	0.315274379471929	0.322853483592617	0.347267443419425	0.473363963772078	0.430635561625798	0.473279077965648	0.674440967192528	0.555178566103735	0.533278257802194	0.600099730097698	0.764732060516577	0.566374107191193	0.703750036991288	0.661582583977014	0.701885279592177	0.571393441235759	0.521480805991347	0.41226885353445	0.436146498493917	0.405076101436723	0.393859308182969	0.419939737284856	0.506931775656422	0.713062165563352	0.591911908041843	0.422426440358158	0.438703033695164	0.367954610269818	0.371023560693648	0.40469547579787	0.38530664077233	0.513623256036572	0.39408107404633	0.693490879377114	0.389927653232184	0.504583400061708
D11	0.574577555105209	0.647581974340046	0.667890167368494	0.64216876789227	0.581105333382242	0.550485085081483	0.523054567373448	0.505255198685198	0.542814890542394	0.456413693163857	0.477173906808064	0.482584500349561	0.453162134299657	0.460605501183494	0.457159623694508	0.470669752470163	0.348770997249737	0	0.34974673581229	0.309319616599097	0.365012341605383	0.321652800074089	0.3078463312108	0.345532487700035	0.329402115208277	0.371652339641667	0.28613541354376	0.407537646312158	0.397299551581542	0.562633757555852	0.527115698366155	0.55928688421347	0.675549707329014	0.628061669879687	0.602309587264765	0.679994250166592	0.725893537870847	0.609642174766384	0.69380377510427	0.661468915979011	0.69914008561658	0.616334026154038	0.620636862115274	0.498888487648595	0.529435782377583	0.48184017427912	0.480758841478994	0.477239825479805	0.536012323080031	0.695244799601165	0.597965489376388	0.488623154749903	0.477635746417241	0.448921267435815	0.443333290523964	0.490815153906508	0.440216000675018	0.572807486951287	0.472308487631119	0.676272601184554	0.441941921177867	0.540940440262338
D12	0.590991755383867	0.664368265348064	0.688616057923258	0.669750427310366	0.609584614146909	0.573121277535159	0.558499796476017	0.522570907291731	0.575921196554921	0.48956400583019	0.485940254144636	0.478603675975448	0.444809607052873	0.465754307137574	0.498358117858148	0.478871348972439	0.391185989766357	0.34974673581229	0	0.353923222998615	0.39906238482899	0.398856226304163	0.385240610367382	0.42097692207712	0.293908817041583	0.421394149624179	0.338993639324338	0.400182146963111	0.407414283845913	0.591377406223491	0.547749230631329	0.57000191890409	0.727184323059938	0.685983347534659	0.640080526706409	0.712529233797528	0.751250762921789	0.662923707535564	0.738738904971408	0.725150773129153	0.731382289140949	0.666542070018645	0.647659500193922	0.493023175610309	0.500584176034682	0.496832658009148	0.473501053111441	0.463174198439629	0.571769966930798	0.739368128096781	0.622145757143393	0.493968881662417	0.501201495724588	0.439709594029223	0.465433915899153	0.484390064073048	0.465097968001606	0.587873686904596	0.466916912363263	0.7165409612594	0.467094203619158	0.554379937690717
D13	0.504376319928326	0.567346629116987	0.602365921472369	0.57983946419394	0.544701811104579	0.480847375043464	0.477734066226783	0.405950690599296	0.4887344352227	0.36341759429572	0.388416622099741	0.397668599078455	0.367445615558005	0.368776287822394	0.389382372926753	0.359373918306431	0.269375690807738	0.309319616599097	0.353923222998615	0	0.328195772734343	0.263444676509559	0.273725568576825	0.321550468050369	0.32839060298998	0.336194005183291	0.297611331953636	0.323815761890476	0.335318635186573	0.463668714945599	0.4250047568954	0.451308620743998	0.661287360768066	0.579311562528037	0.536676161608275	0.617964767426118	0.736176995060632	0.573595687212488	0.701815773700958	0.641986695230591	0.700883218783604	0.544443578719237	0.549296736266133	0.404611456381666	0.42620357354938	0.391032070946395	0.386690929571721	0.382478693262582	0.487608644078751	0.687803506589697	0.55101254766919	0.39792907168365	0.413588628152413	0.355144788549968	0.35807824626436	0.391218458612076	0.379340545582003	0.514689339688343	0.393506105258999	0.659839980054229	0.360099525249057	0.469540543554295
D1	0.489112015124491	0.55044374049953	0.57534631006395	0.560537779953145	0.578084930137034	0.49543434564607	0.504072301439404	0.435487060923686	0.515007293988867	0.379153918335014	0.400687744174865	0.369378640070598	0.376321944430334	0.376433458783381	0.359855080099676	0.366010104509645	0.29624814241796	0.365012341605383	0.39906238482899	0.328195772734343	0	0.319979321793373	0.277409288204982	0.362976852442481	0.381394365835727	0.336529492267538	0.342669883509243	0.34132890541422	0.38117367919618	0.48050071496601	0.458972234804932	0.48791040015481	0.677220392371787	0.540188363351284	0.505514443573747	0.574300572741346	0.747836027079157	0.53055184065145	0.692471665867806	0.665120652984182	0.685747406864662	0.589255786422547	0.505949343192244	0.429631586028949	0.44128928738428	0.430256679744862	0.414365971564734	0.430553902146827	0.516377657676961	0.706929457247975	0.594358380981442	0.427475285384564	0.443789358914189	0.36283512728342	0.393921155312021	0.422924075066934	0.391564020290174	0.481589516274993	0.4066815633342	0.685729899669894	0.395398405249024	0.50030501382533
D3	0.463735029750642	0.55681958708958	0.574245492647637	0.55402456023106	0.549590474067552	0.471316179870618	0.450695287137406	0.394420956592455	0.462805312637279	0.355399887226007	0.371024831759469	0.389486100051687	0.361438846712901	0.354190122881511	0.363012374492499	0.364540953554004	0.279159239102824	0.321652800074089	0.398856226304163	0.263444676509559	0.319979321793373	0	0.274297080362105	0.343246205294718	0.376661600149887	0.337343619333296	0.311675561633253	0.312745063384528	0.328069419101293	0.463024320483872	0.42797389983487	0.44319654082315	0.645798581328103	0.538836252466276	0.513772044640652	0.586737084740185	0.740236045184816	0.533685241927046	0.697805565222666	0.615710825409852	0.700532343969263	0.528194309237462	0.51446536985075	0.401572665175065	0.411169513001744	0.377900066187811	0.372655367741682	0.368475408206745	0.485107510824289	0.704435609609231	0.563228403747602	0.387758666736385	0.396980199326115	0.36771358013571	0.336575235261374	0.382263081413847	0.38580088039143	0.512239158488933	0.381487967576017	0.669463633386618	0.366427359412554	0.473960338388886
D4	0.485949422225072	0.564609984328886	0.591136064742283	0.572737622643224	0.553916001090393	0.50329013627375	0.477488716964743	0.434866720784757	0.483576515555402	0.373380085780395	0.41374426757967	0.425473966014138	0.378818491644997	0.406857633939061	0.40209985641971	0.399835654106743	0.296393332165366	0.3078463312108	0.385240610367382	0.273725568576825	0.277409288204982	0.274297080362105	0	0.291581789074646	0.3338911972119	0.288461814302568	0.251955076654679	0.326815839235508	0.34188356190024	0.485695014588562	0.455480227820851	0.485017130667633	0.656575178447137	0.590624920657735	0.558237496154752	0.630544127090472	0.72057166550187	0.581007452546164	0.71886481613741	0.64528197370201	0.711596405448537	0.576896070725643	0.561605743268957	0.436576097967772	0.445530665303761	0.426346842377121	0.413738021938573	0.407151234271398	0.478731124007572	0.651584778505867	0.539811035716025	0.397512862213562	0.414686309408453	0.361007491790631	0.389618959872467	0.439552493287155	0.371793033700425	0.508478239581163	0.396681775593492	0.640410757882548	0.370558904185804	0.475188611316958
D6	0.546128979074372	0.62760078548224	0.651544953239469	0.626217987156588	0.578630553048228	0.552548314052541	0.528757443254459	0.470143077899973	0.552512570220441	0.404276828018181	0.462164171739482	0.472575765258193	0.448584896878781	0.467076445423989	0.464167497569807	0.442678572344933	0.328083623733487	0.345532487700035	0.42097692207712	0.321550468050369	0.362976852442481	0.343246205294718	0.291581789074646	0	0.373910517538896	0.23752737557439	0.315632201662938	0.394724747980796	0.385411841530299	0.523594990512165	0.483175543498717	0.503648616779874	0.653820388302167	0.619570174760164	0.59034236316398	0.647479186253525	0.711438953746	0.597159555220659	0.706872638799447	0.640729306747896	0.705435762447715	0.595924016727658	0.589510355914095	0.496451385920095	0.512483583574236	0.482767502240217	0.441234338229393	0.441686642378458	0.492621496098106	0.654432820431872	0.544045280439107	0.431795273013802	0.442896560524112	0.422492490490723	0.431501103067936	0.470800680828396	0.426436814516303	0.534025361891054	0.447004567570184	0.640922517450986	0.430826862485612	0.494170688735944
D9	0.559918781916217	0.623542939724867	0.648077485915274	0.635069332586844	0.612383656586367	0.575299759809554	0.559858131345598	0.528909721769367	0.574660874147593	0.464710631689066	0.495031910716194	0.46820437649415	0.438829224374636	0.458861267663259	0.469860997313938	0.465989305137736	0.364685109613836	0.329402115208277	0.293908817041583	0.32839060298998	0.381394365835727	0.376661600149887	0.3338911972119	0.373910517538896	0	0.359124818325173	0.294296446156561	0.417376023180271	0.411388515758294	0.566013009053487	0.521646089990794	0.56333282320934	0.702797692631478	0.645052797762073	0.599896584153248	0.687574948530063	0.743261064975256	0.651403388605566	0.706453994314611	0.703025356943747	0.711313021440807	0.630257961594043	0.613196591282621	0.475969871222416	0.505181077228941	0.481466799510923	0.479084367505323	0.488549458834959	0.552470187098519	0.709626110675322	0.601896766680601	0.475037363546348	0.50198157005792	0.437075622708238	0.475166601780217	0.498065242280344	0.445445740814305	0.579100773348301	0.471777350453979	0.687750924881375	0.45077068875377	0.548036221665494
DA	0.536334076332421	0.606834686978056	0.629982036225283	0.625706790191553	0.581472767069509	0.530500021956311	0.532771777824408	0.48360016640622	0.53901922360829	0.384978555322161	0.455375833577328	0.431705131522901	0.438497279435609	0.4525093241512	0.429997459595585	0.436041110658773	0.316078473934736	0.371652339641667	0.421394149624179	0.336194005183291	0.336529492267538	0.337343619333296	0.288461814302568	0.23752737557439	0.359124818325173	0	0.320909486816713	0.392000480086962	0.389356901745752	0.504306145420781	0.484078229730882	0.487889273788304	0.674660343561521	0.594558578374231	0.566795090795861	0.618794575450985	0.727742535108402	0.579694291059367	0.705117993310518	0.659162411694886	0.699080559227117	0.610945067929039	0.563443932075947	0.459812071746419	0.487553825050983	0.469759126955119	0.443462071785672	0.448696113292941	0.508315199933668	0.686756277240076	0.564047355801685	0.434358219737601	0.433552710986053	0.408098017518656	0.438997750492806	0.476861362328868	0.412064450942719	0.516860865650226	0.445253029078838	0.651708363221376	0.417997931792062	0.499438644094242
D8	0.521655347097814	0.60628857430325	0.624476020794262	0.616422964453684	0.586443794084016	0.540770502776502	0.509630395131116	0.482167477474136	0.533050488287677	0.423398507903325	0.441009685946353	0.459386753622075	0.403131878722654	0.448820633476002	0.440427277765321	0.432687837892201	0.315274379471929	0.28613541354376	0.338993639324338	0.297611331953636	0.342669883509243	0.311675561633253	0.251955076654679	0.315632201662938	0.294296446156561	0.320909486816713	0	0.362275823882182	0.374893071447249	0.526242041886575	0.488014915150078	0.515925058172208	0.675918760195953	0.61793789533343	0.590409660307886	0.660395766204029	0.740320060147912	0.609364923776499	0.718969995485128	0.667450228781349	0.719464752436858	0.599346090686428	0.603557497355434	0.462398953044408	0.477462721848469	0.450536229065968	0.430404939067825	0.43425673206094	0.500901993171688	0.690139946779449	0.582390959470597	0.435804348283367	0.438994411334247	0.39213099526339	0.408971072274681	0.459378685413463	0.399267056016447	0.548363309625631	0.430360532391588	0.666909980071017	0.404891695340019	0.507174676527649
DC	0.439275979802114	0.50448020940585	0.518037143103645	0.51139075121796	0.521516625082394	0.44074711372632	0.448247921232671	0.392904038759079	0.476793206642536	0.359867880049703	0.330454095312207	0.326165143105009	0.327770762614174	0.320745483145916	0.348918924297648	0.350009515328142	0.322853483592617	0.407537646312158	0.400182146963111	0.323815761890476	0.34132890541422	0.312745063384528	0.326815839235508	0.394724747980796	0.417376023180271	0.392000480086962	0.362275823882182	0	0.282305041927395	0.434034088044211	0.406326295499085	0.437289547677972	0.641955997821181	0.509673467006183	0.506116013606081	0.545405471162833	0.734298264777942	0.549164396109675	0.700075971848447	0.620103796089602	0.705462538260015	0.498428078907539	0.488420739684102	0.360719170788105	0.373728472154498	0.328536902388305	0.333752437103136	0.364547520515581	0.454485416780142	0.687649784338271	0.557015878844439	0.36532547638607	0.392197906796736	0.318597776422469	0.316131411682996	0.352158624505155	0.360085676062623	0.498627513122574	0.326135310140889	0.663319703146617	0.335061979944255	0.449685855841638
DD	0.48235051162764	0.546268855082509	0.565916368925995	0.560779135514758	0.533179655573599	0.487028461940852	0.463370039069583	0.426365533027299	0.487606539085758	0.401781492271525	0.404122882461302	0.410314833395451	0.371935300668373	0.378258227256622	0.41001627939677	0.39097954310178	0.347267443419425	0.397299551581542	0.407414283845913	0.335318635186573	0.38117367919618	0.328069419101293	0.34188356190024	0.385411841530299	0.411388515758294	0.389356901745752	0.374893071447249	0.282305041927395	0	0.467088797359162	0.431800383044135	0.448923628148403	0.653760240786293	0.558644336088244	0.52765953031182	0.598832550527671	0.709935926304843	0.566393059373596	0.68803960848256	0.61222040650446	0.683002945364953	0.538237196249465	0.523697963708268	0.418161554234169	0.41999553075199	0.39044495422875	0.360891522666325	0.387272530373401	0.477418396617597	0.670798073458713	0.542052085232827	0.388696201479069	0.415514728282191	0.357159171904589	0.352345095527288	0.367745985900801	0.397691837549196	0.49139595445309	0.386790154926306	0.647563193965902	0.397878599202903	0.451593259499974
ASTUR_7	0.534641996960938	0.562997197678057	0.597645602008134	0.595018620272169	0.525129863737852	0.424696647262092	0.461345409629551	0.300501991190795	0.461541477775951	0.341935245040566	0.39991487653281	0.401904972135404	0.437932242163197	0.403160742319045	0.393152543894476	0.36827066808347	0.473363963772078	0.562633757555852	0.591377406223491	0.463668714945599	0.48050071496601	0.463024320483872	0.485695014588562	0.523594990512165	0.566013009053487	0.504306145420781	0.526242041886575	0.434034088044211	0.467088797359162	0	0.238499185163866	0.216934057432481	0.698190286600456	0.521562583618208	0.537825479079608	0.577285554817409	0.780697338010004	0.565537011793372	0.752874469593793	0.66438876299115	0.738050017862678	0.5309380189726	0.502949403500891	0.442667046263038	0.435741966225542	0.405624703395911	0.420022199475124	0.429864457190216	0.535001890393012	0.709394984850538	0.603586992021607	0.440132498681822	0.444312162155759	0.426360406011599	0.413001933836683	0.402934033509928	0.445276464720244	0.522910364733449	0.422329141686789	0.680769311144945	0.433860326148112	0.51470398152604
ASTUR_8	0.499182659025386	0.550439140266715	0.581146068418668	0.56853457811114	0.510038932459404	0.414305746808997	0.433484493883499	0.292463170808402	0.443162575327522	0.35072497202105	0.384048343786107	0.361338346603218	0.378619955355757	0.366569190492438	0.373391600288862	0.340946901769493	0.430635561625798	0.527115698366155	0.547749230631329	0.4250047568954	0.458972234804932	0.42797389983487	0.455480227820851	0.483175543498717	0.521646089990794	0.484078229730882	0.488014915150078	0.406326295499085	0.431800383044135	0.238499185163866	0	0.255308528511072	0.695314382711912	0.523074705831678	0.531023382320791	0.577071449046605	0.757267403046159	0.571443315785796	0.739766180214224	0.636250605808214	0.727140795994468	0.518655914776658	0.490090099154804	0.40058396414539	0.406037877359786	0.369659583273067	0.392543445928684	0.396325586073472	0.500504395663592	0.688280290747274	0.585764524250329	0.402064820681519	0.409105139985289	0.372087137518189	0.375640392013702	0.39006657924118	0.408624564918542	0.514827284357877	0.394761770826296	0.663885786457409	0.397586358451641	0.486813526567293
ASTUR_9	0.54078922233369	0.550163130896131	0.583386374260456	0.588845122275293	0.519227688384159	0.434736349047609	0.46722247878643	0.303882205553813	0.475886502691226	0.33937321548467	0.394521032023876	0.399075749658235	0.434287949306855	0.390463509244902	0.413207121810046	0.377389438344593	0.473279077965648	0.55928688421347	0.57000191890409	0.451308620743998	0.48791040015481	0.44319654082315	0.485017130667633	0.503648616779874	0.56333282320934	0.487889273788304	0.515925058172208	0.437289547677972	0.448923628148403	0.216934057432481	0.255308528511072	0	0.662607564125889	0.531232549063615	0.522700199905456	0.580088939784948	0.751087782151003	0.575001932204161	0.722479443542087	0.631312729920811	0.704273905807562	0.521111183186001	0.48814410930724	0.431325118919456	0.419770854639257	0.402115899271756	0.391075762165354	0.414259423482274	0.496990562405566	0.695286592115748	0.5770313223958	0.414304482019394	0.430510621256822	0.420678323322081	0.40558835248057	0.412375790111941	0.447722446472397	0.517331416917308	0.419435793238553	0.659522669308799	0.429283900028375	0.477314971808207
J1	0.695415113405657	0.67666979336312	0.685515156756868	0.686482927240502	0.661959787647788	0.643133475045781	0.656159906986679	0.677380630176884	0.650689595589459	0.675933940037858	0.670514234503474	0.671023156393739	0.697269564573071	0.662159387495148	0.666212449861786	0.678129282951517	0.674440967192528	0.675549707329014	0.727184323059938	0.661287360768066	0.677220392371787	0.645798581328103	0.656575178447137	0.653820388302167	0.702797692631478	0.674660343561521	0.675918760195953	0.641955997821181	0.653760240786293	0.698190286600456	0.695314382711912	0.662607564125889	0	0.522729174245205	0.492126578021721	0.482633132281315	0.392382270073317	0.521022295357391	0.385347832063912	0.376004515042338	0.409504757292658	0.533029526607574	0.511782761660771	0.649523408288106	0.663273523433815	0.627856961615335	0.60964286136416	0.615774398024848	0.541823604347306	0.543877281325017	0.516021205529435	0.622092485624546	0.597352536285144	0.646682204252675	0.638849198648491	0.635236906400508	0.640695898367309	0.53863298140769	0.623514800532478	0.541901508053419	0.647155883203149	0.519429941012392
J10	0.581829694620481	0.596038537995315	0.596487723866071	0.590160522619618	0.595678108991011	0.52158234101463	0.545496437197443	0.544068102795659	0.562306623042065	0.537486614167171	0.519387970334362	0.490899626328075	0.516062494887819	0.496049241885382	0.491268579958334	0.510878620742892	0.555178566103735	0.628061669879687	0.685983347534659	0.579311562528037	0.540188363351284	0.538836252466276	0.590624920657735	0.619570174760164	0.645052797762073	0.594558578374231	0.61793789533343	0.509673467006183	0.558644336088244	0.521562583618208	0.523074705831678	0.531232549063615	0.522729174245205	0	0.345396217484348	0.374228580779364	0.603584300686732	0.381296701174742	0.566597025672821	0.49905607862148	0.569629158218265	0.379502373633476	0.301721504190713	0.525044684673177	0.542496761109861	0.515241169226298	0.487374609593321	0.518273783884687	0.534565627677104	0.708040170924394	0.620342701844484	0.513749869089195	0.501807881245456	0.509628325342441	0.500061602846903	0.518084708623265	0.523351266311093	0.509772289832114	0.509955715242879	0.688878838048412	0.527067738207714	0.535028446025966
J11	0.559253333346199	0.573591466843105	0.588286237982365	0.583569763481046	0.594964680698392	0.506809948778037	0.530183836579493	0.527895018033093	0.545036181270047	0.516709889511598	0.511280322177003	0.489781434460404	0.508590776104396	0.495816400334041	0.483460018568696	0.501499121516952	0.533278257802194	0.602309587264765	0.640080526706409	0.536676161608275	0.505514443573747	0.513772044640652	0.558237496154752	0.59034236316398	0.599896584153248	0.566795090795861	0.590409660307886	0.506116013606081	0.52765953031182	0.537825479079608	0.531023382320791	0.522700199905456	0.492126578021721	0.345396217484348	0	0.400397146816526	0.603710581870319	0.435029855529476	0.562032841130874	0.483105933689319	0.540304809242268	0.398396278606842	0.339368550500779	0.520887800953021	0.529161324809363	0.518965010486539	0.479095102684153	0.497929766352672	0.485012068164897	0.67082232615744	0.57176563470651	0.501061883602886	0.50696575240413	0.500654475366928	0.505804791794257	0.50167831319756	0.525395870024281	0.454146139439047	0.511124560861313	0.645380639371179	0.521961870521134	0.493907142718796
J2	0.59373447477964	0.60326806105542	0.620597893556941	0.612587053357684	0.609696534794542	0.567423404981243	0.565179849061638	0.573928099507064	0.597317866785973	0.560790729913576	0.561437830850644	0.548507184749257	0.579040050292034	0.545424549101135	0.533191200335582	0.561967978872792	0.600099730097698	0.679994250166592	0.712529233797528	0.617964767426118	0.574300572741346	0.586737084740185	0.630544127090472	0.647479186253525	0.687574948530063	0.618794575450985	0.660395766204029	0.545405471162833	0.598832550527671	0.577285554817409	0.577071449046605	0.580088939784948	0.482633132281315	0.374228580779364	0.400397146816526	0	0.554264707161377	0.399862952766661	0.539404304149794	0.4712152668409	0.568881025722938	0.431707359826387	0.371464092026424	0.553777141546933	0.576212080341388	0.563469935870551	0.527898716631911	0.554695172410251	0.554105629983007	0.69253671038915	0.621894099770024	0.562306572199246	0.548725833620676	0.571140488645816	0.569658573757145	0.551700861907172	0.57677205399236	0.53484072116692	0.564444513145818	0.684739775213339	0.566244242364923	0.559677149147146
