A1	A2	A3	A4	ASTUR3	ASTUR4	ASTUR6	ASTUR_1	ASTUR2	ASTUR_5	HF_1	HF_2	HF_3	HF_4	HF_5	HF_6	D10	D11	D12	D13	D1	D3	D4	D6	D9	DA	D8	DC	DD	ASTUR_7	ASTUR_8	ASTUR_9	J1	J10	J11	J2	J3	J4	J5	J6	J7	J8	J9	S1	S2	S3	W13	W16	W10	W11	W12	W14	W15	W1	W2	W3	W4	W5	W6	W7	W8	W9
A1	0	0.0325748022860698	0.0373989571988184	0.0321224723428855	0.0697174821781703	0.0605487530862091	0.0674277558902915	0.0495366205558735	0.0684125299447471	0.0471860785464379	0.0454888654519026	0.0510785975672861	0.0509879884635807	0.0457493616697517	0.0444338167962425	0.0491941654248577	0.0653347572491856	0.0723596706070249	0.0615387792388141	0.0565403076359221	0.0603578129145969	0.0632470478973453	0.0574502966182483	0.0559970592291926	0.0598975434182568	0.0553390258529677	0.0611702811722378	0.0630167840751334	0.0632874604630781	0.0659443437978995	0.0636314364684938	0.0588891174320325	0.125022849861531	0.126794980455734	0.100762784189978	0.105356707091226	0.147278793351241	0.151521614676059	0.135038396457358	0.127926951147874	0.139111794993149	0.12813328398945	0.100613984276187	0.0527854567944946	0.0565857370893865	0.0546010130985203	0.0570838426563202	0.114533922860849	0.0649986258942623	0.102773007011942	0.0874858250121219	0.0574017967557381	0.0581869482132441	0.0527115745185469	0.059031652019521	0.0775059620881706	0.0620200142520366	0.0979325833826047	0.0732093694669881	0.100177560099452	0.0524716266501788	0.0687396684853077
A2	0.0325748022860698	0	0.0232154916157812	0.026499537293069	0.0702350732821085	0.0554722621616155	0.0632016952341616	0.0531004571801837	0.0641390510937154	0.0496033186553099	0.049367878371525	0.0542829149628581	0.0477499768378347	0.0495897756462086	0.0464329809700564	0.0471581371639256	0.0622022914027852	0.0726321226038187	0.06288343919351	0.0602821962489524	0.0574757041040708	0.0693623949805917	0.0526210461686474	0.0606193403375415	0.0562445759106193	0.0533005366158005	0.0592609915100649	0.0653574940460624	0.0625048145607652	0.066006982914394	0.0676006747855228	0.056272247085137	0.13139063700281	0.142283387691892	0.11448610813814	0.116667680952834	0.150997410561335	0.168066488320393	0.140691213912346	0.131867257893168	0.138023187847644	0.143047975162869	0.112410815059879	0.0616919595028029	0.0616917478198078	0.0601815740215649	0.0615552398951645	0.119272742914542	0.0659490827772021	0.0932181435138172	0.0836123066979865	0.0668454041825398	0.0636498866881424	0.0561214077797731	0.0633259972133049	0.0812540282001113	0.0612661265840999	0.101776058680285	0.0769829317561134	0.0978553267396391	0.0538640453244649	0.0650174265606585
A3	0.0373989571988184	0.0232154916157812	0	0.0177948433105414	0.0642060527642602	0.0521831550384126	0.0639017380958823	0.0592316163616543	0.0678047201277202	0.0522726216303615	0.0535651529567637	0.0600587153516687	0.0578828276177483	0.0551127166906042	0.0474032805010233	0.0486246613881386	0.0692727728819101	0.0759047972236513	0.0706685704000867	0.0630102784694668	0.0598925112443658	0.0627246745918412	0.0575263622664264	0.0635042089823582	0.0615687463209406	0.0628765286145669	0.0675661804417743	0.0729865701212293	0.0690166683388649	0.0737635620425275	0.0761260270783584	0.0663399771996851	0.117382845007019	0.126147322004441	0.100399843846614	0.0997940457724072	0.136976497784917	0.151668336615558	0.127230620458781	0.118739277510802	0.122821435285583	0.126794500013748	0.0999322116129876	0.0629457347168997	0.0645014593374683	0.0605494722824661	0.0651535482923785	0.124698724665869	0.0663117982904573	0.102940069367683	0.0838955156250982	0.0643731504695793	0.0627020616121231	0.0587662480243486	0.0680455553168955	0.0857389463115868	0.0654500488619207	0.110334621842646	0.0887532698311757	0.0958389517471638	0.0525209859218985	0.0680267504624597
A4	0.0321224723428855	0.026499537293069	0.0177948433105414	0	0.0714385212018992	0.0579008283133304	0.0702214496092505	0.0616572410334835	0.0731050670815518	0.0569914801685744	0.0608375719826049	0.0630931483201488	0.0639909977134537	0.0595092248165201	0.0534211219149739	0.0534188045926307	0.07330827266794	0.0770175362872769	0.0758573699499884	0.06417523365783	0.0656773287650604	0.0607245027694197	0.0612980532974521	0.0700022151969787	0.0695755868862192	0.0676980522215317	0.0718260918708821	0.0726896248126987	0.0704263664313245	0.0750674192468422	0.0782017708861509	0.0673081858589091	0.111524821639806	0.116394403635234	0.0930789782609178	0.0932450518221134	0.13329087266784	0.142088758594617	0.121686411356931	0.112654103886897	0.120254032842278	0.118556020759086	0.0919137885547486	0.0598262582405502	0.0629063727025626	0.0630376792865901	0.0642423544457895	0.118032248054936	0.0726363036756137	0.10806574122178	0.0912956912304485	0.0638307901448969	0.0617712542798428	0.0612900999015766	0.0695214964362391	0.0790129396527537	0.0668884001995058	0.106734296457511	0.0882123193367781	0.0965334573130961	0.0542688757461622	0.0739644302561225
ASTUR3	0.0697174821781703	0.0702350732821085	0.0642060527642602	0.0714385212018992	0	0.0299210722406019	0.0397402509132702	0.0449868971471287	0.0424682969874381	0.0479597064255167	0.0504445014698471	0.0615330357257574	0.0648964998121921	0.0607403769917982	0.0561928477359239	0.0501401777433033	0.0767641302410008	0.0823738380520876	0.0738276965042735	0.0638835822515593	0.0662689913949898	0.0658869961349631	0.060771497150491	0.0683556213279599	0.0647934633148922	0.0615925408792198	0.0678609581587637	0.0684045444100129	0.0640983203566602	0.0531336783959049	0.0549883037653169	0.0533287165040239	0.0907436124931791	0.0921222497258165	0.0791112109779633	0.0740912725922238	0.100081971700283	0.114596320476355	0.0946579000773032	0.0878614984424695	0.0952205541953589	0.0903836045404792	0.0739446096873656	0.060138456332941	0.0541647059951665	0.0518382226670547	0.0624116441084374	0.104303462242033	0.0559637519093574	0.0770014794642606	0.063053056590734	0.0555901991899183	0.0561324365487702	0.058995191728742	0.0646412214839279	0.0665738175487113	0.0655857152495471	0.0873157805283542	0.0705339679138082	0.0674566621144103	0.0490885611668659	0.0516176645637787
ASTUR4	0.0605487530862091	0.0554722621616155	0.0521831550384126	0.0579008283133304	0.0299210722406019	0	0.0318317381958141	0.037752613814576	0.0356510075330807	0.0380260230658772	0.0419647149827582	0.0501060974459173	0.0487317326809015	0.0471544965794644	0.041566998824897	0.0379277935546671	0.0616938501470344	0.0676211702197377	0.0666569448913218	0.0574040395928367	0.0547665773672736	0.0523827954095357	0.0491117265290343	0.0531337633531742	0.0565022550401888	0.0499091528513312	0.0550093644258344	0.0587615359927459	0.0540677571893358	0.0493704018402716	0.0511537445450385	0.0460215753788341	0.10052145922765	0.10455165734165	0.0872771685680506	0.0831212911886653	0.113497811332824	0.127219180953922	0.1028560786695	0.0993970311249437	0.106364557087431	0.102774412373414	0.0817857959386995	0.0552624606171209	0.0494370475670184	0.0449788831603893	0.0514456390787051	0.098916699426331	0.0489828877913946	0.0823317856080137	0.0647550141134251	0.0508160194909225	0.0513383959379126	0.0510662824175825	0.0531781838263735	0.0660015867365694	0.0527997580055659	0.085514671388316	0.06609126571992	0.0722956784641287	0.0381521751604853	0.0499726914194191
ASTUR6	0.0674277558902915	0.0632016952341616	0.0639017380958823	0.0702214496092505	0.0397402509132702	0.0318317381958141	0	0.0392414872201683	0.0240996646968737	0.0463987492695392	0.0426474007354953	0.0537969679109442	0.0544600793162072	0.0558699884764462	0.0480567573243378	0.0470316322183006	0.0620345581790974	0.0684109783606337	0.0706289482552301	0.0556056200324324	0.0524616343009847	0.0539324912176751	0.0522539588875728	0.0583748095891539	0.062658263060092	0.0529405857488617	0.0603072514397525	0.0576340449091586	0.0539006749362422	0.0552093814186861	0.0500019919711628	0.0483186475801487	0.103114186117937	0.10950516235964	0.0892439162516148	0.0900344249804842	0.111947901434171	0.126923669042073	0.104438338871744	0.0973382413818769	0.110308155455838	0.104482637870355	0.0868808421909661	0.0563401538560057	0.0516443345469484	0.0498223992431062	0.0557042192674498	0.091188173900013	0.0557936130863111	0.0849744527187631	0.0736685785956077	0.0489962229198135	0.0483588847707793	0.0550786179687646	0.0532447950066356	0.0645283533378864	0.0557443531957293	0.0824178544685785	0.0658001810113629	0.0773787247708797	0.0460954674924707	0.0578202563130509
ASTUR_1	0.0495366205558735	0.0531004571801837	0.0592316163616543	0.0616572410334835	0.0449868971471287	0.037752613814576	0.0392414872201683	0	0.0433536284087981	0.0331619653828511	0.0311464143181154	0.0388251135224714	0.040697162842031	0.0378059474985598	0.0361186896926822	0.0332862051288842	0.0582671888258144	0.0692196457359148	0.0603711653801543	0.0537621324655301	0.050384710793168	0.056839342966486	0.0488420069196049	0.048581388220889	0.0573831053600465	0.0417804170430264	0.0552064095458114	0.0500577918041899	0.051458342051843	0.0322827329113651	0.0342622519317823	0.0301194927918865	0.103842680155831	0.105688733186714	0.0869579030109445	0.0873939203695587	0.120614580401056	0.128831801366604	0.109799935361809	0.103325400126401	0.122391343085479	0.103788559754054	0.0867878772466837	0.0472441883222602	0.0451610492061836	0.0392465279862011	0.0483990658880535	0.0972029542178033	0.0531929315982281	0.0857207557578052	0.0748062693914693	0.0455903328646049	0.0470471868243006	0.0431053212704032	0.0466161789560264	0.0680022986497179	0.0498495813970398	0.0816723701793959	0.058938689208031	0.0811278042717111	0.0391222304657249	0.0481174448308674
ASTUR2	0.0684125299447471	0.0641390510937154	0.0678047201277202	0.0731050670815518	0.0424682969874381	0.0356510075330807	0.0240996646968737	0.0433536284087981	0	0.0520108742549722	0.0505813987604556	0.0590114947251599	0.0526787090286963	0.0606667605609459	0.0522780501032248	0.0520414002700873	0.054592864525703	0.0661558794640197	0.0737900869554954	0.0550136781930948	0.0552446250954699	0.0546067992558484	0.0568246363932254	0.057760225510306	0.0606002545855969	0.0545477667021947	0.0603305863594389	0.0531166992569421	0.0494403596893334	0.0507007501062583	0.042504855558006	0.0454454624236887	0.10661098885984	0.108902099987764	0.0938784569771187	0.0931615576649997	0.110543727864385	0.124091278120388	0.106685928622929	0.100963588151752	0.108767975052251	0.105818284476528	0.0897978241232209	0.0589672823589801	0.0568118454613548	0.0561963926759422	0.0515323256143294	0.0772737646035391	0.0576613503648423	0.0800372944446011	0.0721132000067842	0.0551958906163112	0.0571029297564849	0.0541969694296527	0.0515093317704304	0.058696395994127	0.0478480540952896	0.0703757660678651	0.0561648660148206	0.0746782290307073	0.0449735783425103	0.0565520304620825
ASTUR_5	0.0471860785464379	0.0496033186553099	0.0522726216303615	0.0569914801685744	0.0479597064255167	0.0380260230658772	0.0463987492695392	0.0331619653828511	0.0520108742549722	0	0.0279589426747316	0.032342435368759	0.0362727718212817	0.0264513863102077	0.0280622511122723	0.0278956611533013	0.0459672540773802	0.0577330611360527	0.0478675293033359	0.0450244516594035	0.038551012804047	0.0545924162485097	0.0330394334060151	0.037589319304162	0.041435510742634	0.0322519078450304	0.0400135595564857	0.0468355957497196	0.045103416259297	0.0460938097387928	0.0449742860582356	0.0409964249365907	0.114296613002628	0.119302731963001	0.09482490450811	0.0958333368957965	0.134372447128811	0.14561925598472	0.123407121073134	0.115422720842316	0.122756473260426	0.12046949994268	0.0936539416741999	0.0468454899552257	0.0418244328325809	0.0378623802679404	0.0466404660006368	0.102565678986815	0.0491496081070031	0.0872462528514629	0.0704768253758085	0.0478103592927207	0.0463626128748288	0.0393677538123322	0.0489897059289729	0.0679814690647818	0.0456694096399541	0.0934361668636159	0.0575935347238881	0.0830975798126268	0.0366798572650738	0.0528600575520976
HF_1	0.0454888654519026	0.049367878371525	0.0535651529567637	0.0608375719826049	0.0504445014698471	0.0419647149827582	0.0426474007354953	0.0311464143181154	0.0505813987604556	0.0279589426747316	0	0.0275606207226232	0.0326299370982973	0.0264094011107129	0.0281207494108995	0.0263630900435964	0.0534381707665291	0.062873903442987	0.0569551975799546	0.0479782305593728	0.0395475571441989	0.0544411352541001	0.0399938314692587	0.0433109372342411	0.0511597731795543	0.0393832077475812	0.0458323648457324	0.0447124109352632	0.0487950648430218	0.0494912425510728	0.0438043741741039	0.0391757185862452	0.123422876319815	0.122901454282326	0.101873916648226	0.101290171653397	0.143118738401892	0.145399309713227	0.13134210749384	0.124694025201326	0.13751946798929	0.125385635723452	0.0944697693617118	0.0413119225835877	0.0402206837431237	0.0292799324466935	0.0414916652057318	0.100496713088991	0.0551530239802487	0.0997142272170903	0.0817422570627424	0.0446573171767028	0.043065986252418	0.0383001643545591	0.0444173214069938	0.0656174229003776	0.0468725949802535	0.0923101781875446	0.0573456516145422	0.0947292690510837	0.0349731353957963	0.0571811279561426
HF_2	0.0510785975672861	0.0542829149628581	0.0600587153516687	0.0630931483201488	0.0615330357257574	0.0501060974459173	0.0537969679109442	0.0388251135224714	0.0590114947251599	0.032342435368759	0.0275606207226232	0	0.0322756954706711	0.021993913698714	0.0239617907702661	0.0230695184994032	0.0474459457440162	0.0599922267175403	0.0570988445647463	0.0441551931891724	0.0432004645150582	0.0544829647359815	0.0413887133174057	0.0446237525375307	0.053620413005226	0.0414460731230795	0.0460075050482278	0.037831791853936	0.0436911112096515	0.0513373819821119	0.0499712440675326	0.0432258311120962	0.123081717140296	0.119157351683055	0.0979674432004862	0.102605358227646	0.141905361983319	0.139621725005732	0.129329433964093	0.121821122431479	0.13132359182329	0.120867089291762	0.0923937015352793	0.0377055310149933	0.0315845145345246	0.0281493337232041	0.0382874501099933	0.0881698658468199	0.0513215339989992	0.100814844526985	0.0797017552565	0.0421484344246809	0.0396041471557661	0.0319104265139434	0.0431142784413381	0.0601163216879435	0.0448151902749235	0.083442401897118	0.0527306504648624	0.092625773217147	0.0350955230779902	0.0553047475226587
HF_3	0.0509879884635807	0.0477499768378347	0.0578828276177483	0.0639909977134537	0.0648964998121921	0.0487317326809015	0.0544600793162072	0.040697162842031	0.0526787090286963	0.0362727718212817	0.0326299370982973	0.0322756954706711	0	0.0305771800362565	0.0332035542522386	0.0277336920785456	0.0461815414872414	0.0592416503271518	0.055620765866589	0.049800895169109	0.0393993203755036	0.057967244337959	0.0426619910258941	0.0446972367574023	0.0475943689189021	0.0437590385038132	0.0414841541210784	0.0400104915586305	0.0395601464355956	0.0511868784802999	0.04378144972936	0.0440488545632408	0.133440086595859	0.129768035439091	0.112679690888468	0.112341585956376	0.146314184275958	0.155129194271645	0.135755808969041	0.129863497962379	0.142496327079246	0.136809825429798	0.102935434513734	0.0428929835136033	0.0405488214494552	0.03708340756746	0.0429947544076644	0.0869764473857773	0.0546758831027168	0.0972287684511826	0.0820096554451384	0.0463694805614669	0.0485190755249478	0.028429170727217	0.0382627610760234	0.0620942436552548	0.0376754397144131	0.0808982548594263	0.0515893201858796	0.0932163507871284	0.0363063346607218	0.0574786766814385
HF_4	0.0457493616697517	0.0495897756462086	0.0551127166906042	0.0595092248165201	0.0607403769917982	0.0471544965794644	0.0558699884764462	0.0378059474985598	0.0606667605609459	0.0264513863102077	0.0264094011107129	0.021993913698714	0.0305771800362565	0	0.0212902171197519	0.0247912732868822	0.0478068794525571	0.0609901472586091	0.0493949867644287	0.0421182923025255	0.0388830975070085	0.0529396900809006	0.0399170933013345	0.0409015039782079	0.0490691918338302	0.0386585169824826	0.0407340150488366	0.0417694780800665	0.042086039979083	0.0514843135679115	0.0499169754221909	0.0448549223127056	0.121494294799185	0.118051955255627	0.0978545420226985	0.0995246543230779	0.143880136605369	0.140519639108414	0.130662240753201	0.12204183458638	0.13532033258478	0.120794706417345	0.0891641559655397	0.037541860411921	0.0341256995420695	0.0277706466124367	0.0415019149595305	0.0945395965212847	0.0544655080646843	0.102966202896326	0.0779308712368046	0.0434951979927982	0.0403724494298229	0.034185739125664	0.0435700785350575	0.0641519557268109	0.0446445740027752	0.091908650207199	0.0549705684385907	0.0946569436933637	0.0360461586217816	0.0565060231924199
HF_5	0.0444338167962425	0.0464329809700564	0.0474032805010233	0.0534211219149739	0.0561928477359239	0.041566998824897	0.0480567573243378	0.0361186896926822	0.0522780501032248	0.0280622511122723	0.0281207494108995	0.0239617907702661	0.0332035542522386	0.0212902171197519	0	0.0201226179112652	0.0449999319338931	0.0557238305333796	0.0505988528990928	0.0393841767087548	0.0358300139929743	0.0460650755751804	0.0349563290424831	0.037019536861272	0.0444566783831779	0.0372637063588632	0.0410600121799658	0.045895174782231	0.0451950581107274	0.0486087364062284	0.0487027862150985	0.0442799595448639	0.112098347587985	0.115026512449445	0.0919342586935625	0.0923899365619376	0.134251030940234	0.134915464805091	0.120146973616759	0.114855298358404	0.125815965655818	0.115560153759609	0.0873380498392785	0.0407077272930123	0.0358944112119691	0.0280213630625027	0.0409729903313542	0.0909241705423306	0.04760147370713	0.0939717718819418	0.0754621858952019	0.0416210812047455	0.0393515962373154	0.0363063896255654	0.0454976512657274	0.0612466042496153	0.0409629053934911	0.0860708178008613	0.0588297831405462	0.083821220458873	0.0329570237220991	0.0527595858268227
HF_6	0.0491941654248577	0.0471581371639256	0.0486246613881386	0.0534188045926307	0.0501401777433033	0.0379277935546671	0.0470316322183006	0.0332862051288842	0.0520414002700873	0.0278956611533013	0.0263630900435964	0.0230695184994032	0.0277336920785456	0.0247912732868822	0.0201226179112652	0	0.0449383590004049	0.0569723026804893	0.052343877934662	0.041296420460072	0.0384271148483818	0.0503101891016436	0.0354326277871032	0.0390747821024193	0.0478173163818805	0.0378851603836969	0.0418974394822513	0.041852189915251	0.0429634529567058	0.045330891071564	0.0430396635976144	0.03975127311127	0.110497049566974	0.110675525716261	0.0927683547074978	0.0917583347507961	0.13363367221927	0.134125838472838	0.119197561605888	0.112633923209276	0.123738696325723	0.113034194389353	0.0829651786499404	0.0348762073690337	0.0304829710852906	0.0243054463449587	0.0404883165225659	0.0916227438443098	0.0477025552887511	0.0932688002920185	0.0751405872544363	0.0394106380610417	0.0384805840498025	0.0314078936562441	0.0416747649821755	0.0594301526957541	0.0428264243132498	0.0841771817864153	0.0579468676064294	0.0861024743991143	0.0304993673545904	0.0498110517522048
D10	0.0653347572491856	0.0622022914027852	0.0692727728819101	0.07330827266794	0.0767641302410008	0.0616938501470344	0.0620345581790974	0.0582671888258144	0.054592864525703	0.0459672540773802	0.0534381707665291	0.0474459457440162	0.0461815414872414	0.0478068794525571	0.0449999319338931	0.0449383590004049	0	0.0357689362628409	0.0467557178645841	0.0329355908738651	0.0339143888298138	0.0430167336532327	0.0349134050845025	0.036418888547936	0.0359282479914206	0.0419758454528936	0.0401212287884826	0.0388046711463836	0.037507465127382	0.0671484845888787	0.0596690515020839	0.0636028094403165	0.128492593052949	0.138408753070083	0.117552575078335	0.122853799478144	0.137979503317123	0.147071077418071	0.135485689789625	0.13228014981541	0.13163712870761	0.138933927158316	0.112604475461887	0.0565322891435059	0.0582816356023033	0.0565324929227334	0.0556540457667187	0.077319277512334	0.0570078904863995	0.0882307275012142	0.0803223060633473	0.0493538885397624	0.0563891158650052	0.0451816782622371	0.0394739773887225	0.0592341680927666	0.0382284740005507	0.0781657325878605	0.0518927749842729	0.0855260942292257	0.0455466486275052	0.0655668642014066
D11	0.0723596706070249	0.0726321226038187	0.0759047972236513	0.0770175362872769	0.0823738380520876	0.0676211702197377	0.0684109783606337	0.0692196457359148	0.0661558794640197	0.0577330611360527	0.062873903442987	0.0599922267175403	0.0592416503271518	0.0609901472586091	0.0557238305333796	0.0569723026804893	0.0357689362628409	0	0.0458678251165425	0.0342580612875799	0.0334004747042778	0.0402804788720733	0.0342551523265269	0.0433942864158667	0.0397045687828463	0.0474539262557387	0.0414612121861258	0.0433445779906045	0.0381683400045203	0.07331314798009	0.0697016317660719	0.0734349571516224	0.120673641410933	0.135005084668331	0.115643493806267	0.120776084093104	0.125780309481317	0.13465251491255	0.124845724177047	0.124567458814398	0.122501587900207	0.13873670250563	0.109678081856188	0.0652327742483116	0.0707868291412966	0.0673032485846479	0.0588361165272809	0.0716658365271381	0.0595646097429708	0.0775549107832401	0.0731714974349931	0.0491592348515821	0.0606999166407548	0.0512690161095801	0.045760415080175	0.0552081312365221	0.0435418693148953	0.0736205490173162	0.0545685652479215	0.0804604160535968	0.0499228133603353	0.0648534877446604
D12	0.0615387792388141	0.06288343919351	0.0706685704000867	0.0758573699499884	0.0738276965042735	0.0666569448913218	0.0706289482552301	0.0603711653801543	0.0737900869554954	0.0478675293033359	0.0569551975799546	0.0570988445647463	0.055620765866589	0.0493949867644287	0.0505988528990928	0.052343877934662	0.0467557178645841	0.0458678251165425	0	0.0471196769290128	0.0366532169007507	0.0627610832937222	0.0350428317466036	0.0395187779057018	0.0304886719638504	0.040080957183675	0.037573822191988	0.0588634009248431	0.0526876105970434	0.0764293798167106	0.0728467873781208	0.0774678787166576	0.126613518956537	0.142552158022794	0.117566984806024	0.122375662617373	0.139086734405659	0.153655552613445	0.132046968890111	0.134225876488635	0.127360036154689	0.14507675773067	0.112820961036028	0.0674797165449164	0.0671554099368772	0.0636474086651897	0.0691761002105187	0.110080090703033	0.0610815215857572	0.0795966335748751	0.0669190626277824	0.0571470577742199	0.0631535994007668	0.0502840636032671	0.0574022575903124	0.0801826795252756	0.0515082604649671	0.0942825618339276	0.0704418828320499	0.0873451947927644	0.0522729643923353	0.0600423337529614
D13	0.0565403076359221	0.0602821962489524	0.0630102784694668	0.06417523365783	0.0638835822515593	0.0574040395928367	0.0556056200324324	0.0537621324655301	0.0550136781930948	0.0450244516594035	0.0479782305593728	0.0441551931891724	0.049800895169109	0.0421182923025255	0.0393841767087548	0.041296420460072	0.0329355908738651	0.0342580612875799	0.0471196769290128	0	0.0365646688819233	0.0360564326238496	0.0331569240537725	0.0407189040959731	0.0421737502838598	0.0432937566552066	0.0396117516758462	0.0380922579516599	0.0352450126452523	0.0609613147027969	0.0581667543202844	0.0591052642157875	0.10502612009953	0.115559666501349	0.0943760539031405	0.100814217564343	0.11821646990142	0.119704490521681	0.113501578138987	0.106284613389712	0.113263634454289	0.114964051792231	0.0888682413285588	0.0498584855885741	0.0478006568686324	0.0459921398075299	0.0480791962090366	0.067034267977061	0.0534491046032204	0.0820678719297777	0.0695561111127065	0.0349213242915756	0.0438679127259374	0.0424862701468183	0.0394657351412009	0.0476456394366931	0.0374170371186787	0.0734019965799793	0.0472531498105569	0.0766039018568903	0.0398799261466238	0.0536892358441062
D1	0.0603578129145969	0.0574757041040708	0.0598925112443658	0.0656773287650604	0.0662689913949898	0.0547665773672736	0.0524616343009847	0.050384710793168	0.0552446250954699	0.038551012804047	0.0395475571441989	0.0432004645150582	0.0393993203755036	0.0388830975070085	0.0358300139929743	0.0384271148483818	0.0339143888298138	0.0334004747042778	0.0366532169007507	0.0365646688819233	0	0.0472259157913885	0.0208179145311755	0.0287540799287623	0.0344463165028941	0.0331598927291212	0.0332150851444621	0.0435696654654789	0.0416836917769484	0.0616285710747801	0.0557065413897685	0.0579338640056843	0.125673844302782	0.137063957169124	0.116416048310562	0.117325479270359	0.137607092502139	0.146056646763342	0.129027437041356	0.128540680527729	0.131523052640968	0.140858317490874	0.110520906366286	0.0572850665994086	0.0561471417111925	0.0500064586886704	0.0548621807463321	0.0943911635563816	0.0569085059736072	0.0838617535602996	0.0722879381778091	0.0487617166212572	0.0558924320822203	0.0390421326960855	0.0456191061321836	0.0678771963515348	0.0364135635395517	0.0884603415976404	0.0572303876829577	0.0885069507639259	0.0384501191702761	0.057208388714713
D3	0.0632470478973453	0.0693623949805917	0.0627246745918412	0.0607245027694197	0.0658869961349631	0.0523827954095357	0.0539324912176751	0.056839342966486	0.0546067992558484	0.0545924162485097	0.0544411352541001	0.0544829647359815	0.057967244337959	0.0529396900809006	0.0460650755751804	0.0503101891016436	0.0430167336532327	0.0402804788720733	0.0627610832937222	0.0360564326238496	0.0472259157913885	0	0.0440219643932817	0.0495370844459539	0.0512447092923486	0.051622517558333	0.0535486996899061	0.0430827591349505	0.0411829775533257	0.058519778135858	0.0574934741504423	0.0600780852567929	0.0839502925848178	0.0882084831465879	0.0687479393500469	0.0744626527991243	0.0930881211115553	0.091808850113282	0.0883250932380032	0.0877838922701794	0.0920802689085156	0.0871335150711134	0.066851996292335	0.0465727826889365	0.0512491867051613	0.0490575060926042	0.0475709133093702	0.0612775563701049	0.0524139256562258	0.0882057598870289	0.0723682269607709	0.0329630761722097	0.0411269532982078	0.0472149675780457	0.0378844243024511	0.0428323422708279	0.0451397726128788	0.064439349003494	0.0540860790266599	0.0701756663222813	0.0435731887283294	0.0601260942753697
D4	0.0574502966182483	0.0526210461686474	0.0575263622664264	0.0612980532974521	0.060771497150491	0.0491117265290343	0.0522539588875728	0.0488420069196049	0.0568246363932254	0.0330394334060151	0.0399938314692587	0.0413887133174057	0.0426619910258941	0.0399170933013345	0.0349563290424831	0.0354326277871032	0.0349134050845025	0.0342551523265269	0.0350428317466036	0.0331569240537725	0.0208179145311755	0.0440219643932817	0	0.0246272429830177	0.0276813689806342	0.0287681784481688	0.0246930043995112	0.0481568028724076	0.0426314929930331	0.0587117389067882	0.0546393799228192	0.0559305751634083	0.109975311944174	0.124936521968624	0.101912421132196	0.102620304508424	0.128948564667524	0.138754756634445	0.11796475426993	0.116758864374576	0.119644749832195	0.127339706407652	0.0962406164730524	0.050851340616677	0.051765597153557	0.0458822321285051	0.0554599931772253	0.0969227173620263	0.045950403209289	0.0762760571752846	0.0640799486075269	0.0448482669748077	0.0499852714681974	0.0374998267283505	0.0452500377348132	0.0661364792693268	0.0389106839405177	0.0868605543393496	0.0608341270675924	0.0789359339460912	0.0353293803787342	0.0499058589297608
D6	0.0559970592291926	0.0606193403375415	0.0635042089823582	0.0700022151969787	0.0683556213279599	0.0531337633531742	0.0583748095891539	0.048581388220889	0.057760225510306	0.037589319304162	0.0433109372342411	0.0446237525375307	0.0446972367574023	0.0409015039782079	0.037019536861272	0.0390747821024193	0.036418888547936	0.0433942864158667	0.0395187779057018	0.0407189040959731	0.0287540799287623	0.0495370844459539	0.0246272429830177	0	0.0336021996538513	0.0241146020030003	0.030732510514672	0.0537129740105525	0.0507586095656616	0.0625283991741825	0.056015649087088	0.0572002472246995	0.114656317928922	0.130212970921123	0.107222932121249	0.112146797302858	0.133187907878993	0.141044736635522	0.122667693515818	0.121753959515005	0.125337104083413	0.133354621473902	0.106790008474183	0.0543269880908477	0.0592101687763894	0.0519174781791394	0.0608959087726624	0.10130437328288	0.0529487478188487	0.0819693959837753	0.0695308598194031	0.0510485127045917	0.0592592394786083	0.0455223717352871	0.0527104312571751	0.0759572930198071	0.0443270158872234	0.0869390052795757	0.0661054578603834	0.0838004711076201	0.0431229797115106	0.0574435453590794
D9	0.0598975434182568	0.0562445759106193	0.0615687463209406	0.0695755868862192	0.0647934633148922	0.0565022550401888	0.062658263060092	0.0573831053600465	0.0606002545855969	0.041435510742634	0.0511597731795543	0.053620413005226	0.0475943689189021	0.0490691918338302	0.0444566783831779	0.0478173163818805	0.0359282479914206	0.0397045687828463	0.0304886719638504	0.0421737502838598	0.0344463165028941	0.0512447092923486	0.0276813689806342	0.0336021996538513	0	0.0340183512045685	0.0340102218615539	0.0533467479546743	0.0466709379950324	0.0671831288692581	0.0620671687608663	0.0650613699550261	0.119066253711554	0.135543537571645	0.111657719740563	0.114811710715717	0.131612370996879	0.149918135732422	0.125514867682269	0.124976475763973	0.121748675556041	0.139526783771433	0.109307576969612	0.061804187988144	0.0646874159333461	0.0567988768747335	0.064161742680977	0.104417031575385	0.0535020608446949	0.0689850197456343	0.0619013604210019	0.0547312713667837	0.0596677232192493	0.0420248043323919	0.0550067475694573	0.072540426578439	0.0436808594385185	0.0900876269236545	0.0649944309541894	0.075375042910122	0.0449963708240073	0.054020419646294
DA	0.0553390258529677	0.0533005366158005	0.0628765286145669	0.0676980522215317	0.0615925408792198	0.0499091528513312	0.0529405857488617	0.0417804170430264	0.0545477667021947	0.0322519078450304	0.0393832077475812	0.0414460731230795	0.0437590385038132	0.0386585169824826	0.0372637063588632	0.0378851603836969	0.0419758454528936	0.0474539262557387	0.040080957183675	0.0432937566552066	0.0331598927291212	0.051622517558333	0.0287681784481688	0.0241146020030003	0.0340183512045685	0	0.0334689473389105	0.049000396084995	0.0440427147947454	0.0546513091891485	0.0472976777498063	0.0485388074956182	0.117406685068017	0.128498915364294	0.103793983391924	0.107544332476493	0.129174817518127	0.142697394609182	0.122370766338669	0.121784211286824	0.121802289014151	0.130907915745233	0.104242038033429	0.0526806677897043	0.0537391458599762	0.045964052287389	0.0575343625426146	0.0992448371435816	0.0518229530368957	0.0768822627940887	0.0679544337912036	0.0497991720421215	0.0528588452901568	0.0413186347157526	0.0517551310508871	0.0700441115188691	0.0425031388583852	0.0876524811591585	0.0616940119582882	0.0797486395181053	0.0386812811264947	0.0527109630519481
D8	0.0611702811722378	0.0592609915100649	0.0675661804417743	0.0718260918708821	0.0678609581587637	0.0550093644258344	0.0603072514397525	0.0552064095458114	0.0603305863594389	0.0400135595564857	0.0458323648457324	0.0460075050482278	0.0414841541210784	0.0407340150488366	0.0410600121799658	0.0418974394822513	0.0401212287884826	0.0414612121861258	0.037573822191988	0.0396117516758462	0.0332150851444621	0.0535486996899061	0.0246930043995112	0.030732510514672	0.0340102218615539	0.0334689473389105	0	0.0521643325405386	0.0453543069052295	0.0624174210622876	0.0558240436403048	0.0579919636217729	0.121760575704737	0.133544237432228	0.114778220864492	0.114987133050762	0.137943029785417	0.144267205503293	0.130919982058378	0.124885904375343	0.129847646584038	0.141018523492916	0.109252744259254	0.056766376245414	0.0576169493453039	0.0522281320825772	0.0579210296571576	0.0999599242992618	0.055808887370364	0.0847074694726219	0.0705957958860255	0.0549333445821306	0.0550760032215559	0.0405270653846606	0.0489874655861591	0.0723584768703753	0.0396829611544308	0.0913306973081162	0.0635825056314921	0.0885097888342001	0.0390927050831015	0.0600675635392232
DC	0.0630167840751334	0.0653574940460624	0.0729865701212293	0.0726896248126987	0.0684045444100129	0.0587615359927459	0.0576340449091586	0.0500577918041899	0.0531166992569421	0.0468355957497196	0.0447124109352632	0.037831791853936	0.0400104915586305	0.0417694780800665	0.045895174782231	0.041852189915251	0.0388046711463836	0.0433445779906045	0.0588634009248431	0.0380922579516599	0.0435696654654789	0.0430827591349505	0.0481568028724076	0.0537129740105525	0.0533467479546743	0.049000396084995	0.0521643325405386	0	0.028954428250678	0.0555614503470118	0.0481305389554758	0.0492810802325412	0.125211151783522	0.124706990895215	0.10670980554924	0.111727027986232	0.130391936758196	0.133156766067645	0.127986607941077	0.124251940325824	0.131381247153268	0.125200165546726	0.0999003862238568	0.0483194381858107	0.0473927787232004	0.0461283102313652	0.0368973083559003	0.0575053838318599	0.0543129762618167	0.088969204005617	0.0780458489157727	0.0381108453013903	0.0456848298547111	0.0399387866236496	0.0322123929093606	0.042058894369691	0.0363773577136015	0.0596568608511411	0.0368546903115392	0.0849189816110908	0.0410162782951229	0.0580125780759716
DD	0.0632874604630781	0.0625048145607652	0.0690166683388649	0.0704263664313245	0.0640983203566602	0.0540677571893358	0.0539006749362422	0.051458342051843	0.0494403596893334	0.045103416259297	0.0487950648430218	0.0436911112096515	0.0395601464355956	0.042086039979083	0.0451950581107274	0.0429634529567058	0.037507465127382	0.0381683400045203	0.0526876105970434	0.0352450126452523	0.0416836917769484	0.0411829775533257	0.0426314929930331	0.0507586095656616	0.0466709379950324	0.0440427147947454	0.0453543069052295	0.028954428250678	0	0.0515666670892434	0.0513738327205936	0.0533613213697702	0.116983201772057	0.120879446213324	0.101834666211068	0.105465683372174	0.120456923700536	0.126638266491829	0.11899997695873	0.114187215892434	0.12194673577561	0.122259018783194	0.0929181625400111	0.0491491783121288	0.0458258658413103	0.0464048155848776	0.0362877834587321	0.050006289315256	0.0480668373458496	0.0768183780178698	0.0680166432624556	0.0336887201718766	0.0421612685381431	0.0365253202862628	0.0288995313414379	0.0397457346219826	0.0299826701278086	0.053576729165599	0.0323549917885636	0.0738920354535447	0.0351487688812326	0.0492323088700449
ASTUR_7	0.0659443437978995	0.066006982914394	0.0737635620425275	0.0750674192468422	0.0531336783959049	0.0493704018402716	0.0552093814186861	0.0322827329113651	0.0507007501062583	0.0460938097387928	0.0494912425510728	0.0513373819821119	0.0511868784802999	0.0514843135679115	0.0486087364062284	0.045330891071564	0.0671484845888787	0.07331314798009	0.0764293798167106	0.0609613147027969	0.0616285710747801	0.058519778135858	0.0587117389067882	0.0625283991741825	0.0671831288692581	0.0546513091891485	0.0624174210622876	0.0555614503470118	0.0515666670892434	0	0.0315989757469868	0.0279611573309942	0.0957379770158513	0.0953619827881023	0.0839782298170976	0.0776532052971078	0.112385662966733	0.116453256098656	0.100105081713701	0.0975681388152736	0.115141043495587	0.0934478507089327	0.081270796294229	0.0531538325178383	0.0489837645240884	0.0529881437155888	0.0446542314559131	0.0816664470957557	0.0506725241390554	0.0870547711443493	0.0783015306478388	0.0506676268451143	0.0482847228206656	0.0496038771045317	0.0513055534715595	0.0561942976876479	0.0578688011466807	0.0672620928626968	0.0542055959609477	0.0744348509784902	0.0493252642394101	0.0480153010964588
ASTUR_8	0.0636314364684938	0.0676006747855228	0.0761260270783584	0.0782017708861509	0.0549883037653169	0.0511537445450385	0.0500019919711628	0.0342622519317823	0.042504855558006	0.0449742860582356	0.0438043741741039	0.0499712440675326	0.04378144972936	0.0499169754221909	0.0487027862150985	0.0430396635976144	0.0596690515020839	0.0697016317660719	0.0728467873781208	0.0581667543202844	0.0557065413897685	0.0574934741504423	0.0546393799228192	0.056015649087088	0.0620671687608663	0.0472976777498063	0.0558240436403048	0.0481305389554758	0.0513738327205936	0.0315989757469868	0	0.0295459421405779	0.108681980880513	0.108783452567613	0.0960316967855001	0.0915549889342785	0.121465054699819	0.125324185556511	0.110191331673457	0.10958279025929	0.123184753063999	0.107779183218977	0.0901282171543789	0.0516079356807274	0.0490706653241602	0.0470508243418244	0.0432066537691908	0.079003477567376	0.0564185806504384	0.0893410229198587	0.0808900602312272	0.04997575629589	0.050612581151417	0.0468394307704832	0.0461390223879248	0.0558275753239534	0.0451873092774052	0.0694846872540812	0.0513857306265731	0.0815264763444451	0.0435668500031081	0.0535192192908397
ASTUR_9	0.0588891174320325	0.056272247085137	0.0663399771996851	0.0673081858589091	0.0533287165040239	0.0460215753788341	0.0483186475801487	0.0301194927918865	0.0454454624236887	0.0409964249365907	0.0391757185862452	0.0432258311120962	0.0440488545632408	0.0448549223127056	0.0442799595448639	0.03975127311127	0.0636028094403165	0.0734349571516224	0.0774678787166576	0.0591052642157875	0.0579338640056843	0.0600780852567929	0.0559305751634083	0.0572002472246995	0.0650613699550261	0.0485388074956182	0.0579919636217729	0.0492810802325412	0.0533613213697702	0.0279611573309942	0.0295459421405779	0	0.102986371141862	0.102582250407719	0.0891873087128375	0.0850187744525644	0.119681597736161	0.126407736047554	0.109799337489847	0.10392772619728	0.119411449685448	0.103894114060835	0.0860533927072226	0.0442785782685503	0.0432893678063653	0.042096894300243	0.0410317704824857	0.0878311967493559	0.0483064091656437	0.0890710351101636	0.0804869607966703	0.0533594920118695	0.0499568430550541	0.0488274236988833	0.051654560700449	0.0587793069677223	0.0542181312542591	0.074891791738868	0.0532283950124578	0.0792912982225504	0.0443276825171046	0.0522633041745263
J1	0.125022849861531	0.13139063700281	0.117382845007019	0.111524821639806	0.0907436124931791	0.10052145922765	0.103114186117937	0.103842680155831	0.10661098885984	0.114296613002628	0.123422876319815	0.123081717140296	0.133440086595859	0.121494294799185	0.112098347587985	0.110497049566974	0.128492593052949	0.120673641410933	0.126613518956537	0.10502612009953	0.125673844302782	0.0839502925848178	0.109975311944174	0.114656317928922	0.119066253711554	0.117406685068017	0.121760575704737	0.125211151783522	0.116983201772057	0.0957379770158513	0.108681980880513	0.102986371141862	0	0.0334596992891686	0.0326001545277489	0.0305019814750891	0.0333868640287297	0.0372127973019956	0.029504699244704	0.0236821513362254	0.0423023381095021	0.0346364795772049	0.0373236585725528	0.0948810602870738	0.101044812493704	0.10367922522781	0.112252910365046	0.121522272129576	0.0792527185833509	0.0981278390999873	0.0829384452827178	0.0895036931305261	0.0845735935830165	0.118128094713819	0.115445374476146	0.0927362350136802	0.118704237502205	0.0984725730624282	0.130068114859438	0.0628230812077682	0.101314403907465	0.0789340404054745
J10	0.126794980455734	0.142283387691892	0.126147322004441	0.116394403635234	0.0921222497258165	0.10455165734165	0.10950516235964	0.105688733186714	0.108902099987764	0.119302731963001	0.122901454282326	0.119157351683055	0.129768035439091	0.118051955255627	0.115026512449445	0.110675525716261	0.138408753070083	0.135005084668331	0.142552158022794	0.115559666501349	0.137063957169124	0.0882084831465879	0.124936521968624	0.130212970921123	0.135543537571645	0.128498915364294	0.133544237432228	0.124706990895215	0.120879446213324	0.0953619827881023	0.108783452567613	0.102582250407719	0.0334596992891686	0	0.0284935622429107	0.0217560108995368	0.0527244566643049	0.0332291478103078	0.0432479430681046	0.0354532095038927	0.0567838049503585	0.0242593702411922	0.0253915910443085	0.0941535253848976	0.0973848655840475	0.0956457102739831	0.106069005885668	0.117986640359571	0.0885565261543277	0.123886191499205	0.101881940914489	0.0885307120200783	0.0806540703619052	0.114249293621751	0.111717640803184	0.0881054611451429	0.126858605146064	0.103059223979653	0.12929692918901	0.0802916008194549	0.10086061270894	0.0910760878910324
