A1	A2	A3	A4	ASTUR3	ASTUR4	ASTUR6	ASTUR_1	ASTUR2	ASTUR_5	HF_1	HF_2	HF_3	HF_4	HF_5	HF_6	D10	D11	D12	D13	D1	D3	D4	D6	D9	DA	D8	DC	DD	ASTUR_7	ASTUR_8	ASTUR_9	J1	J10	J11	J2	J3	J4	J5	J6	J7	J8	J9	S1	S2	S3	W13	W16	W10	W11	W12	W14	W15	W1	W2	W3	W4	W5	W6	W7	W8	W9
A1	0	0.369244244815666	0.379644036651321	0.37014925926331	0.722152126630197	0.650946438790895	0.65414437913264	0.568228680202263	0.68730739291614	0.529994441722908	0.533018440176742	0.512894665110813	0.546917409865968	0.526643540743561	0.530918731921295	0.528917052948898	0.538287519884735	0.626823099006014	0.654505091854011	0.584939302667693	0.560399348579764	0.564633048275758	0.588863494941989	0.642997708281448	0.659355909930896	0.601365488628196	0.599066851601463	0.54965406010049	0.591271664347351	0.575493352984852	0.564071801153123	0.559514531003243	0.74178286724473	0.663757790579104	0.621577957573042	0.660972076422377	0.808953594082425	0.69698546363776	0.734150916174291	0.715779520150205	0.751707074608961	0.688821652761231	0.618660268372686	0.527308460593924	0.503131960561211	0.508181739908095	0.577597049952565	0.601672989404709	0.630269540092819	0.806405503183384	0.712140838417409	0.605549422067152	0.606479173834946	0.564560028376456	0.538620263469315	0.564075454532066	0.625907087722457	0.627412485125724	0.599976367164322	0.786767813041842	0.615159817372187	0.62142332641342
A2	0.369244244815666	0	0.278187033877459	0.292470740580073	0.739007638152099	0.677986386169411	0.669934317514307	0.593483704771963	0.7030872834433	0.553805892027906	0.562780800755456	0.534354046972655	0.554931692417204	0.524805613664072	0.553539053648832	0.567748247555692	0.570685962612994	0.671724080004089	0.710379365866164	0.608606503795991	0.601176076134913	0.618487024648809	0.612296525710302	0.694387323305205	0.696060736654691	0.654390357193984	0.651792001372095	0.581721033241885	0.627562840242823	0.605404332412153	0.588916359276878	0.579907394947764	0.721130868595446	0.656385100129324	0.610910092328318	0.655749696928711	0.791583066058793	0.707002711596843	0.730614975013439	0.700860083423662	0.759354995363108	0.693878672457653	0.621312703333754	0.548065459355937	0.514721215555116	0.537855507063688	0.590289524697931	0.640373219624056	0.61514664113759	0.795397834528154	0.69988163995744	0.621027426585959	0.646757534945685	0.599665899614565	0.573994636411261	0.58487666166619	0.646259767339062	0.613853477871275	0.608880893353124	0.780296179987053	0.6370415532825	0.611320360163793
A3	0.379644036651321	0.278187033877459	0	0.266187591926802	0.754125666122146	0.685397857507345	0.682752650882761	0.593790284159479	0.711551300661921	0.583888996481935	0.556211381571581	0.520704310374779	0.561753328831485	0.525467384617163	0.547697228989759	0.564977257705966	0.622112569719028	0.70809541918887	0.736096481946858	0.644058953450661	0.617044077013083	0.633519864513978	0.661278532616364	0.731199652645786	0.725148610698398	0.679662859151795	0.685174098359544	0.602789802584329	0.651889217725747	0.624599049599384	0.595290074198333	0.595046545109734	0.75062259355759	0.636334458330622	0.623342165650118	0.652209144727096	0.822698686836824	0.695263062509612	0.749345275042836	0.719878077231806	0.773501140646541	0.691431385810453	0.619244009480866	0.5468134698404	0.522429209462038	0.545988070508224	0.599638237699428	0.647065532611749	0.635612225546153	0.841025945665349	0.739323322220388	0.633762558940451	0.664915559432223	0.607591512342492	0.577752978761365	0.605403520517033	0.665388112133602	0.629830805445936	0.628396932308627	0.813269538113606	0.644657513435965	0.643194394127549
A4	0.37014925926331	0.292470740580073	0.266187591926802	0	0.754545760531286	0.686811315442999	0.672203793356742	0.610555679692739	0.711310229272018	0.591241341928215	0.57222937110941	0.548378272867524	0.588290271295141	0.560157697262953	0.576367869493987	0.573862755170901	0.61411376331305	0.697698835807696	0.733699226447941	0.628102974374222	0.615502021227826	0.618067418862293	0.649743696756938	0.714093839892911	0.7154862558164	0.677031046824977	0.675799854987693	0.59522184853422	0.642115988197743	0.622847577271928	0.615117008437728	0.607198049838576	0.736197552773417	0.651840846556742	0.61961717643005	0.65787976004392	0.81441919030471	0.692289171657648	0.743749184424574	0.713568112527688	0.772412997933006	0.703514723221432	0.624780087085365	0.570800796485767	0.551372723961921	0.561481693754747	0.591121606371006	0.643575442066495	0.640177692157541	0.830136402013607	0.732293801346184	0.646972310717479	0.660760199836171	0.611917594980281	0.583863850453198	0.613501043238931	0.65871335160726	0.64337816345617	0.639320669995977	0.802894048668107	0.643918819326714	0.63830597753447
ASTUR3	0.722152126630197	0.739007638152099	0.754125666122146	0.754545760531286	0	0.438446146242619	0.475159672486118	0.553373201620899	0.45358032626838	0.643137021646895	0.598166482864602	0.635160576739654	0.636698389961167	0.622604656748422	0.612103034327856	0.631327628060543	0.653787913512319	0.667528931087236	0.701330608863236	0.631238819487371	0.669979511243597	0.636059585834913	0.666268993542184	0.678061436959305	0.721127297805297	0.683741864331045	0.671400042229961	0.647520398652499	0.656589373386727	0.595176135813033	0.585734635236112	0.596529641888021	0.744593529360433	0.713116092356484	0.72838355849257	0.738413870357582	0.758919454522349	0.719862445224301	0.775344070179024	0.750863718130141	0.764379356369682	0.66574334796822	0.677588047423369	0.640680425040513	0.647856145645068	0.634491336192053	0.622017178440321	0.629340595483373	0.688095649868907	0.739739912196437	0.702891123327564	0.625080281067636	0.615461891527631	0.634679938138968	0.642887734102263	0.650065078975901	0.658438969652341	0.688075621389126	0.605297679540148	0.727836958234342	0.618251337953845	0.674644694982066
ASTUR4	0.650946438790895	0.677986386169411	0.685397857507345	0.686811315442999	0.438446146242619	0	0.456838559226757	0.456134713036677	0.432473013513069	0.544881567878357	0.504836193452791	0.522071322013109	0.551877925963029	0.518477507980411	0.525459656379439	0.524267183153227	0.5834524051943	0.648008376601401	0.684424900537263	0.573134279740385	0.593911066173319	0.569056970438628	0.630620924406463	0.661397387386538	0.6794575010804	0.643523907652725	0.642011254449323	0.586308473277962	0.623623672535346	0.503368573090144	0.498301868782078	0.512162997769661	0.729619615926098	0.647533115054935	0.645273434782298	0.674038473509279	0.779163501749917	0.659224615648616	0.755748643959076	0.741715820512709	0.750972007841819	0.61503435179254	0.608500977480924	0.556324266520404	0.549983868934682	0.536444994096234	0.542081332091192	0.581494798015712	0.661172543831618	0.750581857235782	0.70402207130951	0.571499817011663	0.561871551994882	0.572638851109615	0.548866359469668	0.575837255580642	0.583164556050721	0.658369632255166	0.55900281622136	0.730523517710659	0.574058687979153	0.64228204682631
ASTUR6	0.65414437913264	0.669934317514307	0.682752650882761	0.672203793356742	0.475159672486118	0.456838559226757	0	0.48792604638714	0.399694996585946	0.580280295626301	0.521682074987397	0.535211922475408	0.534783274995124	0.520151832850757	0.532668041294975	0.532137342076763	0.598312866783388	0.61373329763008	0.65385787311052	0.577880095824185	0.605724212842524	0.567220067375395	0.591662992541223	0.634952286285746	0.672947607647732	0.641979579460737	0.624091397816392	0.562963930436969	0.595441195554435	0.538115409741589	0.502130897298849	0.519823871488609	0.74128443312152	0.669120335853295	0.686953296161881	0.695863827975813	0.749341235258466	0.676883444526341	0.750484728952115	0.719141345639448	0.767602881022509	0.641036951630562	0.648292229951509	0.530255417784186	0.549591399117308	0.546492909659565	0.528304492959212	0.557559134831563	0.64627844930234	0.750498568675693	0.687192362504708	0.578165313880719	0.578649656873725	0.563481484080793	0.552851809164127	0.591006141914258	0.584408326433409	0.665325661874944	0.542668562990589	0.733443980556258	0.578758258178879	0.615048959468725
ASTUR_1	0.568228680202263	0.593483704771963	0.593790284159479	0.610555679692739	0.553373201620899	0.456134713036677	0.48792604638714	0	0.493520449831741	0.422726733084065	0.431938966212142	0.443728510061664	0.470091009617143	0.416799725516996	0.447862697339562	0.460330718060669	0.501166503225997	0.565342171267154	0.601701836414351	0.513420537988395	0.536237937662283	0.462936128431822	0.540032743107951	0.589529292155811	0.619518005302029	0.583318877443598	0.556225234310713	0.497348243217248	0.54328515720785	0.429362485526531	0.405981389525142	0.408254215269727	0.739533504074277	0.632277230970111	0.631371374772083	0.670482129933669	0.772140168216014	0.685619949420704	0.757105048807654	0.726852594409986	0.747397461197737	0.609498777398898	0.614188154007421	0.448680200336948	0.46406893730941	0.442652662576177	0.463797570525391	0.513167762038993	0.623273098979345	0.751268913700737	0.678239554142586	0.516686537902311	0.520205937811806	0.510771738175746	0.456962103390195	0.491211175745068	0.543979262481369	0.629652759994893	0.5035091648871	0.74052087304293	0.522379667265506	0.582553979388645
ASTUR2	0.68730739291614	0.7030872834433	0.711551300661921	0.711310229272018	0.45358032626838	0.432473013513069	0.399694996585946	0.493520449831741	0	0.600424249494538	0.560213103889176	0.577437431162499	0.568945821740712	0.54044061222606	0.556272922805039	0.58205002572978	0.605956043259998	0.631769101271882	0.680893378528696	0.593212884986309	0.624412808495658	0.589142772102307	0.614338661915382	0.646407560431772	0.689114051168374	0.657288796203834	0.631455878836102	0.600651678664658	0.628268553526535	0.552821259819791	0.529189071463416	0.546379205222958	0.748126935769947	0.690972767845103	0.697748190806578	0.724689827137944	0.761853426717327	0.685308344856361	0.769206789063698	0.732697820290882	0.763110947639354	0.649256348198853	0.650762973216064	0.564124213186204	0.585247376930864	0.57828724638723	0.567717545947269	0.578341910861502	0.662301108636215	0.750404676736474	0.69436349032433	0.579373211195209	0.5842455582938	0.59715953142994	0.574547780611774	0.601667846292821	0.588849209918677	0.662514812791166	0.549380127998885	0.733591957606211	0.579613211221025	0.649102652379227
ASTUR_5	0.529994441722908	0.553805892027906	0.583888996481935	0.591241341928215	0.643137021646895	0.544881567878357	0.580280295626301	0.422726733084065	0.600424249494538	0	0.414845102556599	0.414411734748837	0.43204080994915	0.413009326420831	0.407311868351308	0.432633161414556	0.438256806612271	0.538689936388556	0.567682377168558	0.45853871882148	0.482525431156666	0.469179094703455	0.49451941450658	0.529091841912231	0.560280683134098	0.4871318040425	0.514053686802248	0.463849655065396	0.517496694196383	0.437978742821519	0.426744298601819	0.43372477388891	0.741447469484893	0.639009101525045	0.602900844253321	0.664519952936304	0.798280395697616	0.693748477422625	0.739882459606335	0.716626313339991	0.744266748374111	0.644559112948391	0.591172415492788	0.450785442655154	0.447597203673652	0.427243514054179	0.482217116743191	0.515260543150156	0.581947663006471	0.767405236936454	0.663466690921798	0.514938643102464	0.534435592922339	0.493079352346204	0.459987529897541	0.488409192179247	0.541318571194698	0.604184975497484	0.511641401812901	0.74688778104717	0.530816964432457	0.555271464417516
HF_1	0.533018440176742	0.562780800755456	0.556211381571581	0.57222937110941	0.598166482864602	0.504836193452791	0.521682074987397	0.431938966212142	0.560213103889176	0.414845102556599	0	0.320456803997659	0.37194396556005	0.331754187219114	0.32866579375165	0.359669914009604	0.466205990701863	0.552548931320889	0.578882778285271	0.46919925464434	0.502889787989885	0.466859236313829	0.505021038757912	0.582835052674262	0.583311429277807	0.56003470890512	0.530475832116088	0.445456723465961	0.539459835101962	0.454434336785233	0.443052748250375	0.434970708975516	0.745585617203556	0.637746096589448	0.625878987300503	0.666920731075237	0.816619487544962	0.674420889958839	0.757869201491688	0.724512778825853	0.775167678623777	0.609799072848655	0.603332145248503	0.384517750423906	0.379068338670424	0.355059542178345	0.424747247101544	0.50501261962294	0.594494825069259	0.774845948990413	0.676454929150352	0.517789796873203	0.518537004736745	0.464871480679094	0.438041991582698	0.462807923208695	0.52603852555257	0.616956748988154	0.472916097093889	0.74024982968638	0.50386283819874	0.552442375999352
HF_2	0.512894665110813	0.534354046972655	0.520704310374779	0.548378272867524	0.635160576739654	0.522071322013109	0.535211922475408	0.443728510061664	0.577437431162499	0.414411734748837	0.320456803997659	0	0.368234829653059	0.297525112668849	0.298681807807778	0.334943182551726	0.434741910015917	0.566066561836385	0.572741908341514	0.476579530665975	0.481770685887065	0.475683572607889	0.526100364982238	0.584300018706634	0.579672892826134	0.547085982896667	0.530388091667924	0.429715537465985	0.526471310594572	0.45368757230401	0.441802668422332	0.428823762506791	0.73002409630578	0.600555123798568	0.578850180465351	0.629205542115995	0.798841781717959	0.656966387596077	0.720327654008514	0.707662884404365	0.740552458310872	0.593116637273413	0.565717440679118	0.377814401771473	0.337279995027868	0.346707589651577	0.413823148463735	0.497075673080671	0.582760972432823	0.769998960507567	0.669580983789595	0.49516868507699	0.512991592132755	0.418808254486026	0.428850411512113	0.425474836515903	0.508653208487773	0.595865674445918	0.440834924440504	0.741661491353478	0.496242045015297	0.544715661054976
HF_3	0.546917409865968	0.554931692417204	0.561753328831485	0.588290271295141	0.636698389961167	0.551877925963029	0.534783274995124	0.470091009617143	0.568945821740712	0.43204080994915	0.37194396556005	0.368234829653059	0	0.327041274449115	0.375694222913975	0.378459167378581	0.469149745239104	0.531037626575468	0.531511693596722	0.479037482873498	0.44967763728183	0.469200121890124	0.485549631088123	0.544397267085653	0.540398859303553	0.528944841931605	0.484275725243882	0.444099111025021	0.534752401549008	0.493100051131592	0.443025924909333	0.478516462944631	0.755228286438648	0.627546638485502	0.633964562302177	0.674708674603175	0.778443444426489	0.668731593785479	0.751115280467759	0.722518522186172	0.766608245487329	0.608204216751204	0.59053893531001	0.377385987021602	0.396957410203244	0.390453344762412	0.444381145907333	0.485942061708775	0.562554610673022	0.735261834480618	0.651706699333196	0.48293878966616	0.518937947913179	0.412038804556487	0.430526476172205	0.464203670030307	0.469950321479752	0.586065092054355	0.477671365339316	0.714591862812158	0.456507052872347	0.547761574307836
HF_4	0.526643540743561	0.524805613664072	0.525467384617163	0.560157697262953	0.622604656748422	0.518477507980411	0.520151832850757	0.416799725516996	0.54044061222606	0.413009326420831	0.331754187219114	0.297525112668849	0.327041274449115	0	0.32578170872289	0.363841077532513	0.44016803161617	0.545634466703291	0.557190507502783	0.450820816109734	0.476390571793063	0.459234462973427	0.505059752278482	0.577833577267833	0.567769160649255	0.548643880748479	0.523435059388106	0.42144952883655	0.4988321258005	0.470160616900026	0.41785429952388	0.44509853895419	0.744378072534934	0.612302454869564	0.5989679369833	0.640672144297617	0.800237169957397	0.667225681499704	0.741761926201332	0.712315970165225	0.754187771236944	0.595704988546438	0.565187592850251	0.339654820625303	0.358124319746461	0.328699609951441	0.418812903967401	0.488145710800814	0.555156956544436	0.762697142742226	0.659739568487474	0.482061478650246	0.511478792737264	0.436549010040439	0.423101212725387	0.447297092156775	0.493718929220344	0.586506508194589	0.455199964739205	0.735254280690573	0.469095862158166	0.529120431674538
HF_5	0.530918731921295	0.553539053648832	0.547697228989759	0.576367869493987	0.612103034327856	0.525459656379439	0.532668041294975	0.447862697339562	0.556272922805039	0.407311868351308	0.32866579375165	0.298681807807778	0.375694222913975	0.32578170872289	0	0.349163604310786	0.439822548161953	0.55843928889708	0.581133089149759	0.472910012204685	0.446675225219541	0.474885790398584	0.506546685557562	0.561981941275501	0.572073049380731	0.5278573534614	0.513704326402449	0.453602738442135	0.542339703144895	0.47444196601694	0.450637939999253	0.451530091234963	0.726800516579451	0.595315570171163	0.578454442111237	0.633066394256329	0.80283210622538	0.646686854925155	0.722345112340486	0.717411640541222	0.729403876429999	0.595530155690233	0.56604514315249	0.381224932096975	0.3948200935683	0.375988962571961	0.452989203792626	0.514768018011718	0.597637696855388	0.76547599680315	0.683620963723526	0.524251429012906	0.525899645346767	0.464748007201183	0.442434475256269	0.476346196989511	0.50857908444396	0.591767747109997	0.483072790464182	0.740738651814339	0.497432181382693	0.572683674876501
HF_6	0.528917052948898	0.567748247555692	0.564977257705966	0.573862755170901	0.631327628060543	0.524267183153227	0.532137342076763	0.460330718060669	0.58205002572978	0.432633161414556	0.359669914009604	0.334943182551726	0.378459167378581	0.363841077532513	0.349163604310786	0	0.458532790434083	0.560450847034505	0.585185403653859	0.489234810226785	0.481874197635581	0.490163155074505	0.536332069898105	0.586966243916619	0.596740907177157	0.562234368798675	0.548494673374828	0.476591460921059	0.548889750799321	0.481355153349009	0.449220084577739	0.435875039217687	0.738563357506025	0.626383935578666	0.602510429437625	0.650636397789919	0.801871765360263	0.64955465826054	0.735386207515634	0.70835828215497	0.744611117194014	0.622768642754435	0.587520297360708	0.382050630036799	0.379965444931859	0.371061466371278	0.449224046740103	0.496715579459603	0.592417502948527	0.774455521621948	0.68044495446653	0.521618942930505	0.532623571245191	0.466529209521953	0.456127027232189	0.48696586479876	0.529898496772044	0.59508682184911	0.486575294566133	0.751884977407739	0.517157274076617	0.57946626664627
D10	0.538287519884735	0.570685962612994	0.622112569719028	0.61411376331305	0.653787913512319	0.5834524051943	0.598312866783388	0.501166503225997	0.605956043259998	0.438256806612271	0.466205990701863	0.434741910015917	0.469149745239104	0.44016803161617	0.439822548161953	0.458532790434083	0	0.397819889045463	0.473812883651026	0.349285182108142	0.376170222060494	0.360128517555547	0.399124246917484	0.424680254454136	0.465624641085919	0.397487082245606	0.397215414235659	0.397360386115234	0.450351991070169	0.523897923492626	0.505170180894065	0.510626829387586	0.727810171138622	0.645458581293086	0.615236539144006	0.678002274403435	0.80057381140701	0.665979094152901	0.721601049630031	0.695539773404458	0.721323252057442	0.652676853170255	0.608232768900833	0.439774061174885	0.476395523766186	0.460729627475743	0.460220037930833	0.486346953923931	0.559856114747926	0.72766779711815	0.645807770615933	0.500452722602897	0.523840318113639	0.447769552243067	0.427438128438537	0.4814003476294	0.466673926357055	0.581033239493695	0.45915599236099	0.70283723610568	0.474236254331093	0.557516484514734
D11	0.626823099006014	0.671724080004089	0.70809541918887	0.697698835807696	0.667528931087236	0.648008376601401	0.61373329763008	0.565342171267154	0.631769101271882	0.538689936388556	0.552548931320889	0.566066561836385	0.531037626575468	0.545634466703291	0.55843928889708	0.560450847034505	0.397819889045463	0	0.452979843660305	0.409940119929752	0.470721088979681	0.41846535362564	0.413538920276544	0.438970299663687	0.443997590888748	0.451543925829392	0.39393924433982	0.47281175106706	0.499323249829269	0.613283603769827	0.595666402870273	0.583486390614408	0.730648646348935	0.739116467435199	0.698817353035724	0.745417486428162	0.763452097223876	0.717294685428864	0.726918969692614	0.715116102320076	0.727180364398144	0.718413272217393	0.704419614906568	0.560590500387515	0.583617197787246	0.567022771520337	0.554690036098233	0.551533072848529	0.598284452666004	0.713663724078136	0.662496717008702	0.552655166584105	0.575213751609723	0.521328610354838	0.5212638139821	0.565540848929739	0.527334027384762	0.636942989355534	0.538117644513023	0.701827289959434	0.553357365305771	0.569576291861197
D12	0.654505091854011	0.710379365866164	0.736096481946858	0.733699226447941	0.701330608863236	0.684424900537263	0.65385787311052	0.601701836414351	0.680893378528696	0.567682377168558	0.578882778285271	0.572741908341514	0.531511693596722	0.557190507502783	0.581133089149759	0.585185403653859	0.473812883651026	0.452979843660305	0	0.465763397823668	0.476064283928131	0.500322352824737	0.490930593506859	0.519941506096047	0.403186779883013	0.508049632383865	0.418805022238496	0.501712720708701	0.527218190575939	0.635571839652935	0.622342309834833	0.621160068119874	0.782793113139989	0.776651086287096	0.745343668262307	0.79203431920611	0.795339098007169	0.77463559165847	0.775540307296808	0.7860404098053	0.785801753750138	0.758920199436255	0.732984476889989	0.574194306613908	0.591039013358589	0.578545835006068	0.579698545761795	0.574456904951536	0.637307052194389	0.771800430870698	0.69556497126552	0.581817239679771	0.617100830571017	0.512784399860677	0.576854152132837	0.592794344990371	0.534691263984647	0.650168833780223	0.569543317687218	0.756998945108832	0.56214585314584	0.624328681700838
D13	0.584939302667693	0.608606503795991	0.644058953450661	0.628102974374222	0.631238819487371	0.573134279740385	0.577880095824185	0.513420537988395	0.593212884986309	0.45853871882148	0.46919925464434	0.476579530665975	0.479037482873498	0.450820816109734	0.472910012204685	0.489234810226785	0.349285182108142	0.409940119929752	0.465763397823668	0	0.406925586563578	0.346739989043283	0.382790089963914	0.429049035161753	0.45104857684001	0.414659703360494	0.40091817546215	0.382745422492101	0.434058475668958	0.527623945512764	0.510760908507198	0.522266511571845	0.705265412229552	0.663296549348929	0.629088911553634	0.683111534603684	0.75634879253268	0.674080979064493	0.722940555088899	0.682101509914607	0.714296078619299	0.639364156435366	0.639511288868761	0.459259710159933	0.493901714219061	0.485429105896827	0.458527099946527	0.483742755131722	0.537176072742946	0.715914017325719	0.613876970095517	0.480002805826803	0.514478331245993	0.445839651645711	0.443265403298186	0.491412887471981	0.463339028404324	0.56952060625191	0.463580398014498	0.68043334119946	0.476172650893467	0.510062920043236
D1	0.560399348579764	0.601176076134913	0.617044077013083	0.615502021227826	0.669979511243597	0.593911066173319	0.605724212842524	0.536237937662283	0.624412808495658	0.482525431156666	0.502889787989885	0.481770685887065	0.44967763728183	0.476390571793063	0.446675225219541	0.481874197635581	0.376170222060494	0.470721088979681	0.476064283928131	0.406925586563578	0	0.431332976713041	0.369807141339942	0.456396299569385	0.465287914002476	0.415879443470249	0.41672431255733	0.439012005249246	0.4872117818882	0.532054724971732	0.525840170706037	0.529645255903615	0.749509928103982	0.668791806557508	0.623303292308691	0.687169438912517	0.794309818337462	0.659013166341762	0.737014098402754	0.73038139581501	0.739350101399239	0.686379893649766	0.613722127650323	0.491822594462362	0.501452019849636	0.507929923686397	0.522952743466568	0.50907289552385	0.576923222930928	0.728143200219938	0.66802741898744	0.512033379333236	0.542490103885971	0.439212748976515	0.486941919738545	0.517521121810276	0.456200093341355	0.549632494815017	0.508615568674654	0.694945011600423	0.478630707613348	0.567545284852134
D3	0.564633048275758	0.618487024648809	0.633519864513978	0.618067418862293	0.636059585834913	0.569056970438628	0.567220067375395	0.462936128431822	0.589142772102307	0.469179094703455	0.466859236313829	0.475683572607889	0.469200121890124	0.459234462973427	0.474885790398584	0.490163155074505	0.360128517555547	0.41846535362564	0.500322352824737	0.346739989043283	0.431332976713041	0	0.397773018342223	0.438563902354477	0.488433375833074	0.456710502394557	0.415876115354524	0.395310985271188	0.441320174983563	0.530584160725922	0.495499198958237	0.514158540302948	0.714122190241601	0.649455006223937	0.631348141487791	0.676952321136747	0.7629344776556	0.666702483764705	0.732217293705801	0.679925696186348	0.732190364745314	0.618594519577805	0.616864906143008	0.456854220996815	0.47995692757584	0.462816499536562	0.452709267348504	0.455118981994242	0.543442816101987	0.717517905907523	0.618949715953022	0.478172259995157	0.487523834337551	0.426571901594356	0.404568169881255	0.476550563686068	0.470108478982624	0.582848238207514	0.465289781508025	0.698391563806159	0.467835570526568	0.522403380098761
D4	0.588863494941989	0.612296525710302	0.661278532616364	0.649743696756938	0.666268993542184	0.630620924406463	0.591662992541223	0.540032743107951	0.614338661915382	0.49451941450658	0.505021038757912	0.526100364982238	0.485549631088123	0.505059752278482	0.506546685557562	0.536332069898105	0.399124246917484	0.413538920276544	0.490930593506859	0.382790089963914	0.369807141339942	0.397773018342223	0	0.417384683373875	0.428711100061529	0.395382915845513	0.34548979395042	0.434515269596307	0.469036817377903	0.570778992341397	0.542397721412801	0.544436142324093	0.708109926572499	0.708457165202958	0.657731090899448	0.730733557990033	0.740660967496342	0.710974060154823	0.732676209880853	0.67523608089212	0.736819089053852	0.682836454313459	0.674749009649414	0.522178249518728	0.534612442372696	0.522936673265013	0.511634362913377	0.51098062104834	0.539578978147902	0.694597995162022	0.611176335223116	0.493704537665943	0.530387733239161	0.45153235619701	0.50061053444672	0.535851762349096	0.446373093114978	0.572211214064713	0.512312703365057	0.666618408714204	0.463940640004563	0.514367038197368
D6	0.642997708281448	0.694387323305205	0.731199652645786	0.714093839892911	0.678061436959305	0.661397387386538	0.634952286285746	0.589529292155811	0.646407560431772	0.529091841912231	0.582835052674262	0.584300018706634	0.544397267085653	0.577833577267833	0.561981941275501	0.586966243916619	0.424680254454136	0.438970299663687	0.519941506096047	0.429049035161753	0.456396299569385	0.438563902354477	0.417384683373875	0	0.481308146810623	0.32365949926699	0.436258282560098	0.476386509048129	0.470075997811899	0.621890717605113	0.608369615058828	0.603373645475824	0.720467106255093	0.736187618240341	0.706770170649076	0.752830715740427	0.746127112602754	0.729191804933586	0.730238802739232	0.700988052905662	0.74572568203394	0.73335998430203	0.705907935110258	0.573280598763726	0.60232698318844	0.582833967757747	0.562542210568575	0.559309613719176	0.580865233717728	0.687064907843562	0.619343253690004	0.543764976777027	0.580346678192467	0.52455931124121	0.530218026457989	0.59194569315034	0.520864022469388	0.603332270538841	0.559570764178715	0.685134647449676	0.521876321020406	0.568342406069375
D9	0.659355909930896	0.696060736654691	0.725148610698398	0.7154862558164	0.721127297805297	0.6794575010804	0.672947607647732	0.619518005302029	0.689114051168374	0.560280683134098	0.583311429277807	0.579672892826134	0.540398859303553	0.567769160649255	0.572073049380731	0.596740907177157	0.465624641085919	0.443997590888748	0.403186779883013	0.45104857684001	0.465287914002476	0.488433375833074	0.428711100061529	0.481308146810623	0	0.470239501307151	0.384137387895126	0.512648285612424	0.520637879426555	0.655420088645022	0.615036352827116	0.62291971069143	0.765338839015239	0.772277238427884	0.729353182969305	0.785096081804554	0.776364692629191	0.772878044860107	0.756367642760591	0.751308180599694	0.765158752375696	0.744182016282487	0.72869154431361	0.57321777776943	0.592318821444079	0.584220276599831	0.579655752676653	0.586443849236925	0.633974255341443	0.716211691113615	0.67052796411692	0.570815782314516	0.619320703113949	0.514944085212113	0.567407146580661	0.596881549965771	0.524461017344016	0.663414139378437	0.580005896228349	0.701221995124391	0.535511989212602	0.604555095414531
DA	0.601365488628196	0.654390357193984	0.679662859151795	0.677031046824977	0.683741864331045	0.643523907652725	0.641979579460737	0.583318877443598	0.657288796203834	0.4871318040425	0.56003470890512	0.547085982896667	0.528944841931605	0.548643880748479	0.5278573534614	0.562234368798675	0.397487082245606	0.451543925829392	0.508049632383865	0.414659703360494	0.415879443470249	0.456710502394557	0.395382915845513	0.32365949926699	0.470239501307151	0	0.402767099300965	0.459402626490623	0.468440967692655	0.590277694009435	0.582297242728604	0.575827974695369	0.7198007483378	0.712576211352842	0.660772997417613	0.716341520949464	0.753526729229942	0.703104829437346	0.725028266144695	0.697708434493893	0.733422465668644	0.717900428659308	0.658845786730948	0.555047724875108	0.577129496760568	0.575253814384344	0.558091426603539	0.550594438941755	0.565066449639201	0.705507396028129	0.623825430848684	0.522038357784615	0.574613638105159	0.485031067053036	0.515906043872821	0.562308387398235	0.501598815615344	0.566666469781232	0.549157043142937	0.683137536620804	0.510796165636877	0.556976463269867
D8	0.599066851601463	0.651792001372095	0.685174098359544	0.675799854987693	0.671400042229961	0.642011254449323	0.624091397816392	0.556225234310713	0.631455878836102	0.514053686802248	0.530475832116088	0.530388091667924	0.484275725243882	0.523435059388106	0.513704326402449	0.548494673374828	0.397215414235659	0.39393924433982	0.418805022238496	0.40091817546215	0.41672431255733	0.415876115354524	0.34548979395042	0.436258282560098	0.384137387895126	0.402767099300965	0	0.449024235803187	0.473964161022694	0.594246424667419	0.56660232627995	0.571642756962712	0.742375940663096	0.716850705549766	0.691261126651927	0.743750815672442	0.757247970386217	0.718339609072748	0.737646694823624	0.710414332352509	0.744378871584229	0.700825039737401	0.69060472890863	0.522610062591968	0.553463548496723	0.54262222824198	0.517952716528158	0.533492653636237	0.566662397195557	0.706344442642709	0.637087999724152	0.529153960945542	0.543381944425127	0.459554633916837	0.497998133992581	0.560812019207728	0.456278510274368	0.604032636936642	0.5196299811129	0.679536041040189	0.480666334078685	0.561498038974382
DC	0.54965406010049	0.581721033241885	0.602789802584329	0.59522184853422	0.647520398652499	0.586308473277962	0.562963930436969	0.497348243217248	0.600651678664658	0.463849655065396	0.445456723465961	0.429715537465985	0.444099111025021	0.42144952883655	0.453602738442135	0.476591460921059	0.397360386115234	0.47281175106706	0.501712720708701	0.382745422492101	0.439012005249246	0.395310985271188	0.434515269596307	0.476386509048129	0.512648285612424	0.459402626490623	0.449024235803187	0	0.371399602702833	0.530512102242532	0.521225260607099	0.501387643301647	0.730650138794339	0.655451202239713	0.62884394161643	0.666007988638209	0.780722106020536	0.675192425368792	0.736632780953899	0.700946492175153	0.743972146574713	0.635705256755069	0.613833129172805	0.437268442143315	0.444682710202257	0.427030481039093	0.444388946774526	0.469313086828579	0.537629920550717	0.72634541593709	0.621885925902974	0.468214754932586	0.518316935715825	0.405908207383346	0.406002836397551	0.458782981335558	0.460021409832138	0.581087929168635	0.445210893378456	0.704118730845565	0.444864346787251	0.52591222155932
DD	0.591271664347351	0.627562840242823	0.651889217725747	0.642115988197743	0.656589373386727	0.623623672535346	0.595441195554435	0.54328515720785	0.628268553526535	0.517496694196383	0.539459835101962	0.526471310594572	0.534752401549008	0.4988321258005	0.542339703144895	0.548889750799321	0.450351991070169	0.499323249829269	0.527218190575939	0.434058475668958	0.4872117818882	0.441320174983563	0.469036817377903	0.470075997811899	0.520637879426555	0.468440967692655	0.473964161022694	0.371399602702833	0	0.575686071766864	0.557189163882925	0.565131615481874	0.74383117879309	0.688512016559802	0.664715432653596	0.7113070308401	0.772329981446656	0.7039908417472	0.747812192408993	0.700319392397972	0.753842566089664	0.671602519352563	0.658996079052516	0.521491175304166	0.52956650158238	0.523091863067915	0.487669351750896	0.501974385009469	0.574090040354706	0.719938812259094	0.636015599403082	0.503897029479034	0.552316634954824	0.492097235932972	0.477800309369472	0.525021426690833	0.509996948673177	0.595099017853216	0.518031689225469	0.697224246907005	0.508539539750718	0.549783197269211
ASTUR_7	0.575493352984852	0.605404332412153	0.624599049599384	0.622847577271928	0.595176135813033	0.503368573090144	0.538115409741589	0.429362485526531	0.552821259819791	0.437978742821519	0.454434336785233	0.45368757230401	0.493100051131592	0.470160616900026	0.47444196601694	0.481355153349009	0.523897923492626	0.613283603769827	0.635571839652935	0.527623945512764	0.532054724971732	0.530584160725922	0.570778992341397	0.621890717605113	0.655420088645022	0.590277694009435	0.594246424667419	0.530512102242532	0.575686071766864	0	0.3501664503667	0.335953392263581	0.744741101157528	0.624732256452348	0.614063687457148	0.662741361546914	0.797073707098939	0.677023701987742	0.750832805392246	0.725495505917565	0.772737503092897	0.624381414070301	0.577400235093214	0.464678266573981	0.464881004295261	0.457602087098179	0.47329500253617	0.503157303841445	0.608639653920975	0.752393106086938	0.673353503423457	0.519078684094197	0.520831309075164	0.495636080224848	0.482169948471394	0.481167543415767	0.5520257583005	0.595792229504567	0.505953619987624	0.740818855942833	0.535017464019512	0.572575480557868
ASTUR_8	0.564071801153123	0.588916359276878	0.595290074198333	0.615117008437728	0.585734635236112	0.498301868782078	0.502130897298849	0.405981389525142	0.529189071463416	0.426744298601819	0.443052748250375	0.441802668422332	0.443025924909333	0.41785429952388	0.450637939999253	0.449220084577739	0.505170180894065	0.595666402870273	0.622342309834833	0.510760908507198	0.525840170706037	0.495499198958237	0.542397721412801	0.608369615058828	0.615036352827116	0.582297242728604	0.56660232627995	0.521225260607099	0.557189163882925	0.3501664503667	0	0.352494521449787	0.753729130298371	0.625804705370141	0.62414439885442	0.671433952573743	0.796470429637986	0.677470536762484	0.751624865970676	0.714053227074076	0.763671304063909	0.61541133466658	0.585520680686435	0.416328158189937	0.428407477766161	0.412082088855305	0.45385853507073	0.482160495083025	0.584632912683525	0.753734933542138	0.6690588258317	0.494056105981608	0.50211666345689	0.461951174953614	0.427504849561073	0.458849592594014	0.530527956615926	0.60116114527616	0.48071884649093	0.725276741257892	0.510741715023038	0.542663566652422
ASTUR_9	0.559514531003243	0.579907394947764	0.595046545109734	0.607198049838576	0.596529641888021	0.512162997769661	0.519823871488609	0.408254215269727	0.546379205222958	0.43372477388891	0.434970708975516	0.428823762506791	0.478516462944631	0.44509853895419	0.451530091234963	0.435875039217687	0.510626829387586	0.583486390614408	0.621160068119874	0.522266511571845	0.529645255903615	0.514158540302948	0.544436142324093	0.603373645475824	0.62291971069143	0.575827974695369	0.571642756962712	0.501387643301647	0.565131615481874	0.335953392263581	0.352494521449787	0	0.731421325883862	0.625180452289247	0.602105414960339	0.661220371787718	0.77789179760646	0.679008805165169	0.740358287862947	0.713373725517325	0.753907791353162	0.611653067125238	0.582631322735711	0.429558095309233	0.421638126472247	0.402893437338404	0.447173215933239	0.48151357384722	0.584071755323061	0.745413804963909	0.659282983726864	0.501675858233614	0.50364905957463	0.478063635424861	0.46065035151729	0.475824555689888	0.536959602470786	0.588228975484183	0.489111749645276	0.727001537889372	0.512237937801925	0.548796004080277
J1	0.74178286724473	0.721130868595446	0.75062259355759	0.736197552773417	0.744593529360433	0.729619615926098	0.74128443312152	0.739533504074277	0.748126935769947	0.741447469484893	0.745585617203556	0.73002409630578	0.755228286438648	0.744378072534934	0.726800516579451	0.738563357506025	0.727810171138622	0.730648646348935	0.782793113139989	0.705265412229552	0.749509928103982	0.714122190241601	0.708109926572499	0.720467106255093	0.765338839015239	0.7198007483378	0.742375940663096	0.730650138794339	0.74383117879309	0.744741101157528	0.753729130298371	0.731421325883862	0	0.580492270389641	0.565069982804301	0.532213914269752	0.439074674684808	0.591548783975989	0.412936996495226	0.411649807748951	0.466345234515074	0.591022625140468	0.570275939552754	0.724479819150788	0.733333822414802	0.717281133166006	0.712418143587832	0.715536653597007	0.640005506431294	0.660715096898997	0.633494472211829	0.714868315155986	0.683040912370709	0.726464559660873	0.727767733281373	0.732390095351269	0.728508667452294	0.623131082926305	0.703678849842664	0.64223587189728	0.726687907542086	0.610586016582843
J10	0.663757790579104	0.656385100129324	0.636334458330622	0.651840846556742	0.713116092356484	0.647533115054935	0.669120335853295	0.632277230970111	0.690972767845103	0.639009101525045	0.637746096589448	0.600555123798568	0.627546638485502	0.612302454869564	0.595315570171163	0.626383935578666	0.645458581293086	0.739116467435199	0.776651086287096	0.663296549348929	0.668791806557508	0.649455006223937	0.708457165202958	0.736187618240341	0.772277238427884	0.712576211352842	0.716850705549766	0.655451202239713	0.688512016559802	0.624732256452348	0.625804705370141	0.625180452289247	0.580492270389641	0	0.414512994879128	0.448938756892303	0.626164408861899	0.462400207392057	0.59498944976852	0.545873254550217	0.593958568009959	0.435622440073956	0.384834556858495	0.599554195074567	0.614869136645244	0.599321560266268	0.633163502399672	0.634251311274355	0.679401741717694	0.799367931696773	0.725218544533545	0.652295337050931	0.641611152290857	0.640101636108511	0.625386331464744	0.62879202873643	0.664547643889431	0.63589262710445	0.636147687635163	0.77489582265677	0.656777386743723	0.663150764442696
J11	0.621577957573042	0.610910092328318	0.623342165650118	0.61961717643005	0.72838355849257	0.645273434782298	0.686953296161881	0.631371374772083	0.697748190806578	0.602900844253321	0.625878987300503	0.578850180465351	0.633964562302177	0.5989679369833	0.578454442111237	0.602510429437625	0.615236539144006	0.698817353035724	0.745343668262307	0.629088911553634	0.623303292308691	0.631348141487791	0.657731090899448	0.706770170649076	0.729353182969305	0.660772997417613	0.691261126651927	0.62884394161643	0.664715432653596	0.614063687457148	0.62414439885442	0.602105414960339	0.565069982804301	0.414512994879128	0	0.463987057000567	0.634054653641267	0.520967275726245	0.569242621064972	0.535821633434464	0.55942420919122	0.459070855704878	0.404591093028454	0.59916076165432	0.605743619440688	0.612373794004565	0.632228962084944	0.624486963693477	0.60860621504885	0.758223475301889	0.682099761179657	0.643296412451211	0.637967408459074	0.622588569539683	0.63284687050369	0.631036709648721	0.653162421016684	0.601064564868152	0.635737984253951	0.72652252046304	0.656816152849655	0.610871907743815
J2	0.660972076422377	0.655749696928711	0.652209144727096	0.65787976004392	0.738413870357582	0.674038473509279	0.695863827975813	0.670482129933669	0.724689827137944	0.664519952936304	0.666920731075237	0.629205542115995	0.674708674603175	0.640672144297617	0.633066394256329	0.650636397789919	0.678002274403435	0.745417486428162	0.79203431920611	0.683111534603684	0.687169438912517	0.676952321136747	0.730733557990033	0.752830715740427	0.785096081804554	0.716341520949464	0.743750815672442	0.666007988638209	0.7113070308401	0.662741361546914	0.671433952573743	0.661220371787718	0.532213914269752	0.448938756892303	0.463987057000567	0	0.582440462398208	0.477112073372544	0.539116287987745	0.507047106500143	0.597198231633068	0.485135324725525	0.425991011608709	0.620152370667952	0.637930035735036	0.633537354046477	0.665771232845652	0.64838061496364	0.683584713279819	0.816541738346971	0.745657638279308	0.686585632409089	0.672967891740599	0.666382493397862	0.664281439947153	0.663478879666049	0.703941528099218	0.650679606576954	0.672189756828524	0.780093189548497	0.696276057183879	0.679162341763903
