A1	A2	A3	A4	ASTUR3	ASTUR4	ASTUR6	ASTUR_1	ASTUR2	ASTUR_5	HF_1	HF_2	HF_3	HF_4	HF_5	HF_6	D10	D11	D12	D13	D1	D3	D4	D6	D9	DA	D8	DC	DD	ASTUR_7	ASTUR_8	ASTUR_9	J1	J10	J11	J2	J3	J4	J5	J6	J7	J8	J9	S1	S2	S3	W13	W16	W10	W11	W12	W14	W15	W1	W2	W3	W4	W5	W6	W7	W8	W9
A1	0	0.113113392272981	0.104040161975427	0.10537752641472	0.283743632760212	0.307815358922739	0.337165776839302	0.251327543411789	0.333530793632555	0.218701301086016	0.223302627842997	0.249160729928204	0.251804701932745	0.231530755769566	0.2026564552281	0.242406974867319	0.228124674454562	0.268738937016291	0.263380148483345	0.206962039952411	0.238788841509537	0.189299694754117	0.219294950228402	0.229735749624319	0.219380026832762	0.214696210487783	0.223089487241892	0.195577226630527	0.187975784042072	0.304863663587961	0.262195828077455	0.275357308379557	0.255315440734879	0.280253454105995	0.238815541694146	0.269245887424312	0.275173480019324	0.268043777649633	0.269447287789697	0.272263967816011	0.286660597224336	0.287676929154717	0.238356064353337	0.251478692048962	0.264749312405678	0.260960493258459	0.234174034328562	0.229022257017139	0.247851916028082	0.26194102664991	0.274969896227005	0.220180350761547	0.232210668479559	0.229290058668756	0.198049642380764	0.224715719144947	0.22119757362982	0.241019819887906	0.231321727024727	0.252538517150585	0.216507442228538	0.241898090494907
A2	0.113113392272981	0	0.0348288242404953	0.0605081297040588	0.280807756823455	0.300445227399651	0.334819760008699	0.262348856657683	0.332150597428598	0.23602207822981	0.250704115811842	0.274385395412193	0.253757344467443	0.262393706864009	0.229842991285228	0.260540019465061	0.260673965007988	0.299937200988349	0.29311383398208	0.241291500441435	0.252600575225955	0.224292329855611	0.243981342293973	0.262513251263245	0.256536606586636	0.246286509000218	0.263633754308381	0.234753763930352	0.215117711500175	0.305914045268022	0.262039054754076	0.277570242178886	0.276870604403218	0.296928433066581	0.259003546715481	0.276071710164017	0.294280423547123	0.308203190015095	0.279274172737164	0.284013299439903	0.292778285109962	0.29818963360031	0.264850699588943	0.273670182437782	0.284439617452495	0.296014529107746	0.250340627224416	0.249122705149194	0.259802251886523	0.269314286240391	0.294153652262689	0.252042272183828	0.248490825758227	0.248027014581026	0.231357322437793	0.242927201425596	0.257769511450773	0.255301923209089	0.2575970969652	0.258319730931041	0.243443155024497	0.259568859469634
A3	0.104040161975427	0.0348288242404953	0	0.0501092310541367	0.283859574946106	0.301005135293515	0.331466999488587	0.261903329958284	0.327832728856172	0.236706348377707	0.249843858505555	0.277224976642232	0.257337368487838	0.264516359107758	0.227848759999277	0.26250043238348	0.251730150204792	0.290051053090222	0.287041904430444	0.233738680778831	0.242784768626592	0.214494481823711	0.235107808471722	0.252924200928895	0.248632874604569	0.238038657788733	0.254525871127614	0.231538074475367	0.211138596830212	0.309644075361094	0.260370754327652	0.280237571453563	0.271939823177582	0.296432539992504	0.256491611291626	0.277132931872482	0.287621146452364	0.300105394977662	0.27502144675965	0.282391234142539	0.287586683798179	0.298835677833051	0.264000486204245	0.275630161538448	0.287710464110831	0.298598533879469	0.253123212282537	0.249654610642843	0.261581027324936	0.267578002622585	0.291772858979884	0.251826619847425	0.25072473177313	0.248660355116224	0.226672335427374	0.244224586878348	0.248589221705621	0.256894128092368	0.25908923990733	0.259631720808208	0.239627617405552	0.261187810425518
A4	0.10537752641472	0.0605081297040588	0.0501092310541367	0	0.302534840395098	0.318371717294802	0.346901447162881	0.282470865823862	0.343142473358261	0.258021360887099	0.268902475642713	0.298268057059689	0.281240568118617	0.283338573494458	0.246320762406445	0.283735847190437	0.262406421197875	0.298215008118955	0.295684703565848	0.2452105922689	0.255651749060637	0.227115479746953	0.247706599815749	0.26325804935535	0.261161294432085	0.251309144524757	0.26572359985634	0.247773320098469	0.230617036324413	0.331588286865662	0.281605568430446	0.301873124127555	0.287992797250355	0.313322055279662	0.271656294790416	0.295009891495015	0.304117515603489	0.311277725042197	0.292065835765076	0.301582543375775	0.302672594067191	0.314899048504046	0.282484610252575	0.297503405849081	0.310351071892278	0.317809382820643	0.273457971730452	0.271274031265935	0.284299522038487	0.285640169840172	0.307581529480695	0.272133243767069	0.273031724381654	0.271461274978199	0.246065350082528	0.266014137184831	0.264244990416734	0.279260332275896	0.278640782167485	0.281017372761894	0.25778869625106	0.282626539393493
ASTUR3	0.283743632760212	0.280807756823455	0.283859574946106	0.302534840395098	0	0.10612174106995	0.168859848366434	0.118322019236166	0.180053440422376	0.168359758508319	0.151383128755962	0.22216287970376	0.248992182435574	0.251951303797481	0.195297023093031	0.212618917313949	0.321717855431948	0.384837881716996	0.380492149317287	0.288739348022094	0.285752488434012	0.26980146735821	0.272854026882281	0.301099852871178	0.314822152684981	0.238266118030388	0.29583122010021	0.247258108440299	0.218478700885669	0.145780042843829	0.139554390630887	0.108897569508752	0.229935149409108	0.20875799756529	0.204327625685963	0.163165924271085	0.257353038792627	0.284190578695546	0.229182055779528	0.174693106243355	0.279296941012368	0.183079175919683	0.198111705880126	0.22162404340806	0.210543137081511	0.21710952213656	0.157380285071951	0.211902322693692	0.201956027503109	0.276298870762689	0.303465633384501	0.214822311684876	0.182551005926074	0.239942454228355	0.208850364844468	0.198252802247395	0.224038126142497	0.196871155340498	0.206251573756643	0.221566530361961	0.169063137646299	0.191017965892383
ASTUR4	0.307815358922739	0.300445227399651	0.301005135293515	0.318371717294802	0.10612174106995	0	0.111627638805253	0.110557813693179	0.118865546131913	0.201700112414064	0.170673136361414	0.269458156310277	0.287015767118631	0.295906698434619	0.216006551276542	0.248471320013338	0.330321057672929	0.394313070085144	0.400486861137133	0.29813717494104	0.269954756772399	0.282938356927177	0.268539662170108	0.298230834216178	0.334470335686999	0.230177162433979	0.304043891634196	0.276540817973423	0.243818962781963	0.165960513618658	0.110865968013336	0.115531318464243	0.249399564781808	0.244375560288014	0.232041666446573	0.199168579991807	0.267495259998468	0.300865373846583	0.244617500182027	0.204060300722783	0.288854960173988	0.212930894302751	0.237187479903191	0.265590598393163	0.258847024703093	0.262033507104314	0.205439771549418	0.247542529628167	0.244717155538697	0.303247127214736	0.334508192467422	0.252679441862349	0.223219013491948	0.278026148818904	0.231774526136193	0.237249580060291	0.220423784435369	0.233172120821213	0.246413897870851	0.254742790042085	0.180731313851288	0.236526722460117
ASTUR6	0.337165776839302	0.334819760008699	0.331466999488587	0.346901447162881	0.168859848366434	0.111627638805253	0	0.16093217206113	0.0234227591660376	0.258102502304986	0.218596669366771	0.319394919769332	0.342622729437567	0.341261084770026	0.257683384350044	0.304995262562948	0.342547797711514	0.398788100757079	0.414804586687629	0.31648836466335	0.267843835452835	0.30162893641174	0.278695404274421	0.302243257714159	0.353427798700111	0.241317468184002	0.313681446593706	0.31052379846707	0.277290635755748	0.235484627022172	0.145314266875721	0.185701973634256	0.279982575178726	0.296605109182011	0.274531571309974	0.26126722499013	0.283422775386616	0.316897834272672	0.275818123455053	0.248363566076072	0.311375155390942	0.266513687723516	0.290223054400217	0.319597256748056	0.319389607994525	0.319781499649113	0.267624239083944	0.294908147249661	0.301313520288175	0.338714143103034	0.36666622200172	0.297495096208357	0.279214862687904	0.326522169370962	0.266887161676908	0.291777273923234	0.227523941765227	0.285621331856431	0.298730794467436	0.308272648547424	0.212506934646032	0.292701356027342
ASTUR_1	0.251327543411789	0.262348856657683	0.261903329958284	0.282470865823862	0.118322019236166	0.110557813693179	0.16093217206113	0	0.162111810100596	0.120228142613095	0.091406063098087	0.194131193323435	0.223343364404138	0.212230666688343	0.139310617418685	0.175950639146873	0.259406388920005	0.324117736265086	0.326593061432928	0.223759735026419	0.217503541489083	0.209327451935601	0.206594083126381	0.232934854586081	0.259904638531759	0.1666465801406	0.233641263869649	0.193670319433392	0.167652178474036	0.143328321237155	0.0861232647157703	0.0857760472067785	0.190363071836805	0.200586637427625	0.177464372320195	0.164766884915481	0.215785497627811	0.24195948300453	0.197477007334884	0.158547908481977	0.248768030657702	0.179082348161248	0.169559811279434	0.192942418198955	0.191572883526858	0.191247565759177	0.141063407214382	0.174274929652134	0.18215645537122	0.24755591627617	0.272406260526477	0.174954395882092	0.154042609960327	0.205783480977253	0.155654975306853	0.16643648556082	0.154684906298655	0.166993269204021	0.171459076936705	0.196823445817194	0.112702515835106	0.170506478510647
ASTUR2	0.333530793632555	0.332150597428598	0.327832728856172	0.343142473358261	0.180053440422376	0.118865546131913	0.0234227591660376	0.162111810100596	0	0.259059397206616	0.219294864695223	0.322068073477374	0.343407078157436	0.341900203919022	0.256193544525982	0.306075391516073	0.335293388059036	0.390982342267517	0.409247001444773	0.310372342237445	0.258040082746582	0.295789217492333	0.27091508782275	0.294016126393802	0.348109635655164	0.234080869816029	0.307070077934537	0.308062242915584	0.274484779551229	0.241591484281033	0.143947264157123	0.190896153009985	0.279381939233181	0.299739729588752	0.275484729533546	0.265486464699011	0.281051857568882	0.313773681349685	0.275422239779169	0.251416520552914	0.309572861015886	0.270454193452457	0.291871097845567	0.32156925879559	0.322741696004105	0.322974444978939	0.27094138810407	0.294943546312267	0.303635951786963	0.337811412595882	0.365953902707252	0.297669804298479	0.281297224990094	0.326319789417298	0.264343072178834	0.292947298400427	0.220551117989435	0.287139622890428	0.299771273782132	0.309424584562933	0.21048370953383	0.295407687133755
ASTUR_5	0.218701301086016	0.23602207822981	0.236706348377707	0.258021360887099	0.168359758508319	0.201700112414064	0.258102502304986	0.120228142613095	0.259059397206616	0	0.0937084880788284	0.120794737439657	0.13663218755816	0.121784922933177	0.09323816544151	0.097106311954835	0.217703822858899	0.280213172335182	0.267960365102426	0.183536102801213	0.216838363793881	0.167318483209956	0.187491354993749	0.213094845082238	0.203066405201959	0.172749493800669	0.199209763519979	0.126434681960328	0.109915384070038	0.167628865871562	0.15465808991365	0.135093847604504	0.168949348280676	0.180012326373941	0.159531679435987	0.15628647676622	0.205835968113671	0.225989327502975	0.183075734076598	0.1529969005628	0.23220106447088	0.181546689628339	0.119157696269968	0.113572109101382	0.11732546880493	0.133372538304784	0.0849040261944505	0.103568886459978	0.112786935174926	0.200313103476888	0.220536415766004	0.102190528345642	0.0869480081798343	0.120182582886098	0.101009240711046	0.0887776692001658	0.151597610410094	0.11077270611825	0.095554352343148	0.138698464542218	0.108176459791911	0.106206218274438
HF_1	0.223302627842997	0.250704115811842	0.249843858505555	0.268902475642713	0.151383128755962	0.170673136361414	0.218596669366771	0.091406063098087	0.219294864695223	0.0937084880788284	0	0.146286643997535	0.186784791946542	0.161123727889965	0.100034787498605	0.135104812076529	0.227648806546087	0.293669203987376	0.288490062262227	0.193825787591144	0.209379922949761	0.179199538762844	0.18765793170403	0.208629358841692	0.222248501593263	0.150669980812174	0.20302826609005	0.147772978404115	0.127261016241156	0.170714873996464	0.126743140201801	0.119153423773912	0.17861217703204	0.189079595654529	0.168737702439388	0.159937120629676	0.210909706203899	0.219857584874807	0.194338858443132	0.163636363945116	0.246255637194734	0.18592595737836	0.139126835022181	0.147261592705449	0.149958065171308	0.139774141973746	0.1075922541345	0.131408626407586	0.147651907773073	0.226874739492225	0.246781655994729	0.123727147357564	0.111491391157162	0.154706250791351	0.112925990609573	0.121928881364269	0.137740761503315	0.131809318151793	0.123251307066835	0.173832032288153	0.0887541404835489	0.137981195930768
HF_2	0.249160729928204	0.274385395412193	0.277224976642232	0.298268057059689	0.22216287970376	0.269458156310277	0.319394919769332	0.194131193323435	0.322068073477374	0.120794737439657	0.146286643997535	0	0.132333429155362	0.0868395687292697	0.120978688167718	0.0776975020773503	0.227297640366616	0.283481525814777	0.257317713112546	0.205999719206492	0.256438359725288	0.198176654614618	0.22050436239342	0.237420629861728	0.204031346143181	0.216252513054741	0.215829389951903	0.131126226536178	0.134654685423081	0.208676235913015	0.216432241971866	0.19179417142103	0.194062898932071	0.203157471663831	0.200759097992547	0.195192163449067	0.235125148595646	0.2408652270342	0.215407379231202	0.183110581006432	0.263134194566281	0.215251367573005	0.139792568300892	0.082585660778742	0.089527847401738	0.0970545429208029	0.116578223234923	0.0987777966270094	0.118606158976544	0.215572965961415	0.222111705846434	0.0914065453342598	0.0908256503519143	0.099592905663718	0.129431257955563	0.0855514046416151	0.195857137075586	0.113223597853295	0.0836120551597142	0.158623938500665	0.153348663402176	0.110027361511273
HF_3	0.251804701932745	0.253757344467443	0.257337368487838	0.281240568118617	0.248992182435574	0.287015767118631	0.342622729437567	0.223343364404138	0.343407078157436	0.13663218755816	0.186784791946542	0.132333429155362	0	0.137372361698618	0.16599716936567	0.109488129674598	0.247107480047259	0.298796665187037	0.273152162733052	0.227891658357561	0.269116735658767	0.21525633746602	0.240995829187549	0.262150526369052	0.224224796427198	0.241924941702876	0.244076988327912	0.169684855662144	0.153155965628269	0.228008242798953	0.226046703772238	0.212398858110446	0.226096808378867	0.221863207505749	0.226915763006634	0.206461918376142	0.254313548960048	0.277710695543614	0.228377605263582	0.211049503461536	0.264828946308212	0.245303754732916	0.167759231252164	0.102892928741562	0.11857905520314	0.155359041170511	0.136165094104996	0.11880536731662	0.108272866369415	0.204475364177126	0.226833879591447	0.129940091766748	0.115027097178918	0.0926118163154619	0.152461133522189	0.108329127557604	0.220033050519205	0.125735063253629	0.127399661126629	0.131352606801579	0.187043722271507	0.132276951058679
HF_4	0.231530755769566	0.262393706864009	0.264516359107758	0.283338573494458	0.251951303797481	0.295906698434619	0.341261084770026	0.212230666688343	0.341900203919022	0.121784922933177	0.161123727889965	0.0868395687292697	0.137372361698618	0	0.118762403537656	0.0988463290569355	0.193624667860286	0.243935701890879	0.214515452491727	0.17449276963721	0.237932858452497	0.167715878939566	0.200701923697033	0.211519877739825	0.172508727624267	0.207619511180389	0.190832395527236	0.104855644912703	0.124076753912767	0.243067003743427	0.238511559680224	0.224859461883049	0.202131475279118	0.226713238925297	0.208530622285138	0.222105822673792	0.239974211149842	0.238406236548887	0.22693472029255	0.213684291902534	0.266020632757971	0.239784900130702	0.156366088657295	0.105805467433266	0.12268442210117	0.130204730139585	0.143176473504056	0.109441711103815	0.14280317478154	0.213089239846966	0.214810232999329	0.0988041587155772	0.118989982109027	0.0998420590517875	0.128881339769796	0.106262213279613	0.191190657793701	0.137962815634845	0.0971716306202174	0.17102458334987	0.165564095097635	0.138323295048212
HF_5	0.2026564552281	0.229842991285228	0.227848759999277	0.246320762406445	0.195297023093031	0.216006551276542	0.257683384350044	0.139310617418685	0.256193544525982	0.09323816544151	0.100034787498605	0.120978688167718	0.16599716936567	0.118762403537656	0	0.105627694158342	0.161319218632244	0.226910809940114	0.220251732680418	0.1354245140837	0.166159183180929	0.127187179046651	0.132305914593293	0.155720001208583	0.155505386828147	0.125359464013168	0.144644440487897	0.0886988120702064	0.073435307089154	0.209088718660823	0.159366216067437	0.168643611722154	0.166618976947221	0.205095931067266	0.172436714774529	0.187953500940843	0.202926350887188	0.207216214873026	0.189376185292846	0.177908817092831	0.23038185016048	0.205143885656866	0.142869063276685	0.138356011856255	0.151113174861578	0.143047782180622	0.123717495371882	0.105243982111881	0.1448911417538	0.20375770194166	0.22028282399907	0.0922342238004581	0.106054948842254	0.122186899184941	0.0723894210290156	0.10004693346008	0.115264908292283	0.127166715609584	0.0956047081825283	0.165020483320168	0.0837535817727587	0.134226970457307
HF_6	0.242406974867319	0.260540019465061	0.26250043238348	0.283735847190437	0.212618917313949	0.248471320013338	0.304995262562948	0.175950639146873	0.306075391516073	0.097106311954835	0.135104812076529	0.0776975020773503	0.109488129674598	0.0988463290569355	0.105627694158342	0	0.212743549941144	0.273781757166205	0.254304245708964	0.191758042982938	0.236451052651529	0.186002048089101	0.200220010530035	0.22167820866746	0.193726889275027	0.197338922186586	0.200259391086956	0.128031614271839	0.121217543939178	0.19732570302209	0.193407467582183	0.174893473246038	0.187538316947072	0.199796435152907	0.197434508198735	0.182175281259725	0.231155825251836	0.240765697591595	0.207250544851178	0.178743143819831	0.255262943680377	0.209408478330523	0.135507898347695	0.0782262194857718	0.0917187349530595	0.111259101744809	0.105425899602448	0.0915850377561344	0.108892305624959	0.20889592878273	0.222894284579616	0.0908431920798081	0.0862901699680097	0.0919776087015419	0.116634060858878	0.0779923057758114	0.176127328268851	0.109344676049591	0.0729356089492685	0.137905433253848	0.135975850132388	0.10829824640657
D10	0.228124674454562	0.260673965007988	0.251730150204792	0.262406421197875	0.321717855431948	0.330321057672929	0.342547797711514	0.259406388920005	0.335293388059036	0.217703822858899	0.227648806546087	0.227297640366616	0.247107480047259	0.193624667860286	0.161319218632244	0.212743549941144	0	0.0922610078370271	0.103577998860021	0.0762306438589612	0.120299819599357	0.104134687124453	0.0904620038164564	0.0729926868048952	0.0723298501017291	0.139598417360836	0.0827637249822726	0.126157846688242	0.139469479694248	0.329928145729135	0.263304739551311	0.298034201700883	0.230580434093682	0.305968001189331	0.257940382564847	0.304251609883482	0.245432623197829	0.238528457801303	0.255638796547221	0.28206723255647	0.265005608567433	0.309645514453257	0.247371018837667	0.241795626971587	0.265000176522495	0.262449343927978	0.254262917241022	0.201209002983494	0.252618213434086	0.244372877082028	0.251277439302273	0.191388279137535	0.229192547091239	0.200593574493003	0.163461441530088	0.212579175108997	0.154054853591055	0.237011437817926	0.204802148788906	0.252185403626773	0.189934265359126	0.248117883980439
D11	0.268738937016291	0.299937200988349	0.290051053090222	0.298215008118955	0.384837881716996	0.394313070085144	0.398788100757079	0.324117736265086	0.390982342267517	0.280213172335182	0.293669203987376	0.283481525814777	0.298796665187037	0.243935701890879	0.226910809940114	0.273781757166205	0.0922610078370271	0	0.096507718728319	0.140637305250838	0.161723846895643	0.157511389808804	0.146592834687938	0.126360456509068	0.113436297728957	0.201311571606149	0.133674229818056	0.188015333523579	0.203897480242632	0.395555724361331	0.32757538102648	0.365272453230654	0.282406429219456	0.363535863038729	0.31397219437862	0.367461361873107	0.2873329955455	0.282198980880394	0.305788400629725	0.340367328290632	0.304035547633261	0.370636260887424	0.308157403708055	0.299591986130876	0.325545711642819	0.322697247693385	0.319575278360353	0.262730223316358	0.311811729417403	0.282781486428183	0.285694636494702	0.253056461443419	0.293036179693835	0.256195882327717	0.228586989794617	0.27461684633412	0.217812250008769	0.296809989431374	0.268389960287542	0.306283966742302	0.257481605711997	0.307130404213664
D12	0.263380148483345	0.29311383398208	0.287041904430444	0.295684703565848	0.380492149317287	0.400486861137133	0.414804586687629	0.326593061432928	0.409247001444773	0.267960365102426	0.288490062262227	0.257317713112546	0.273152162733052	0.214515452491727	0.220251732680418	0.254304245708964	0.103577998860021	0.096507718728319	0	0.135188441377485	0.195453437831249	0.159148338682068	0.170996989455655	0.148375345317676	0.102396794234768	0.216593663541096	0.143764186735992	0.166721174251529	0.191155604269086	0.385956029881376	0.333370165507801	0.360656284719604	0.274041926840076	0.350541454827186	0.304229967121524	0.356132481655047	0.281337077315987	0.280015241278476	0.296256293129814	0.331223140868146	0.29255118558222	0.360077078030552	0.291249773797203	0.275730422912288	0.300313000747295	0.30026535848945	0.302329682660483	0.242973332981045	0.289888909771972	0.260456246079485	0.259992874002065	0.232523449832624	0.273045330546957	0.231387037241346	0.221282010938968	0.254348152118682	0.231643751330162	0.277365263172906	0.248863106122731	0.285331485271533	0.258892034591633	0.285321452959118
D13	0.206962039952411	0.241291500441435	0.233738680778831	0.2452105922689	0.288739348022094	0.29813717494104	0.31648836466335	0.223759735026419	0.310372342237445	0.183536102801213	0.193825787591144	0.205999719206492	0.227891658357561	0.17449276963721	0.1354245140837	0.191758042982938	0.0762306438589612	0.140637305250838	0.135188441377485	0	0.124507635117316	0.0801939246837978	0.093693399530048	0.0924165808468525	0.0955742458386348	0.124424129096642	0.0885117976623175	0.0980266540662176	0.11054449599616	0.297602909974699	0.236032434485475	0.264790768953566	0.209047327386087	0.277483961313684	0.226105390627245	0.273538670409638	0.229485511999004	0.222445388163396	0.235670935925811	0.254717297530686	0.252175279304267	0.279145543629853	0.218531308592533	0.220000554664444	0.241308706750292	0.235651943334615	0.220888317459975	0.177794488126099	0.230164995032967	0.232855082596057	0.242728099927284	0.167195524629963	0.199833735119989	0.182796863979372	0.13669845254592	0.187787781356781	0.134332931330152	0.213805970255865	0.182044360093581	0.232722596019584	0.161235276122151	0.221622074115757
D1	0.238788841509537	0.252600575225955	0.242784768626592	0.255651749060637	0.285752488434012	0.269954756772399	0.267843835452835	0.217503541489083	0.258040082746582	0.216838363793881	0.209379922949761	0.256438359725288	0.269116735658767	0.237932858452497	0.166159183180929	0.236451052651529	0.120299819599357	0.161723846895643	0.195453437831249	0.124507635117316	0	0.133279011898093	0.0664251102367403	0.088979617750823	0.152907160110514	0.106240526845185	0.127194440872814	0.170045138866137	0.15597146206406	0.305380639535069	0.208867217747009	0.262353140608185	0.227677092085945	0.301431543926291	0.248946643224572	0.291018869603907	0.228647814344099	0.243551601623944	0.239989007580652	0.266389131091207	0.250354291943827	0.29601342714079	0.256222326611721	0.267229466314287	0.285299859305869	0.285322336564459	0.256241500731488	0.218618169225446	0.263088912756425	0.250762141252751	0.271332065875367	0.21512145238026	0.236579079033785	0.228212129967958	0.16993328516792	0.227717815698168	0.127643634127991	0.242294130483104	0.22881905289922	0.258562323062076	0.168738390268012	0.256794316125366
D3	0.189299694754117	0.224292329855611	0.214494481823711	0.227115479746953	0.26980146735821	0.282938356927177	0.30162893641174	0.209327451935601	0.295789217492333	0.167318483209956	0.179199538762844	0.198176654614618	0.21525633746602	0.167715878939566	0.127187179046651	0.186002048089101	0.104134687124453	0.157511389808804	0.159148338682068	0.0801939246837978	0.133279011898093	0	0.103884448988444	0.10849325193097	0.106330375586531	0.122013168535406	0.101493263932588	0.0998087990675953	0.0996087455576959	0.28159030704748	0.218326144957356	0.248290105769769	0.191082465380466	0.254969706295188	0.202707482968297	0.251370463339773	0.209760822348143	0.206729449552405	0.214282647241765	0.232265271649503	0.233014162525453	0.258147172704047	0.198780796132269	0.205242605346016	0.228308092303347	0.226410056552438	0.204215087309127	0.166423455676084	0.21224539062622	0.219241815098887	0.233054647461166	0.158520606805795	0.186277018034125	0.173742220756124	0.122923571923234	0.174834741941866	0.127736905265747	0.196903586542893	0.175074995078613	0.215633854908321	0.150125177043744	0.205372186639332
D4	0.219294950228402	0.243981342293973	0.235107808471722	0.247706599815749	0.272854026882281	0.268539662170108	0.278695404274421	0.206594083126381	0.27091508782275	0.187491354993749	0.18765793170403	0.22050436239342	0.240995829187549	0.200701923697033	0.132305914593293	0.200220010530035	0.0904620038164564	0.146592834687938	0.170996989455655	0.093693399530048	0.0664251102367403	0.103884448988444	0	0.0689222970532293	0.112835920965256	0.0876133460952847	0.0856385947357415	0.130580531695264	0.122148150419297	0.285569209111386	0.204693079971654	0.246934875083459	0.203954144837614	0.275936882650636	0.225879438902119	0.267651684233892	0.216396989757279	0.224336568781045	0.223097993076092	0.243514337911451	0.238509085016624	0.273479785639117	0.224230900118254	0.23390955231875	0.251238654431611	0.248704747584942	0.225996525225526	0.185952768254596	0.231042793771028	0.229040581721848	0.246357712068729	0.17780820469982	0.205311815079569	0.195042769057626	0.135634927231399	0.194832732393991	0.108536168105949	0.212733669494749	0.190761284714655	0.230656100340088	0.143108625384199	0.223861269816916
D6	0.229735749624319	0.262513251263245	0.252924200928895	0.26325804935535	0.301099852871178	0.298230834216178	0.302243257714159	0.232934854586081	0.294016126393802	0.213094845082238	0.208629358841692	0.237420629861728	0.262150526369052	0.211519877739825	0.155720001208583	0.22167820866746	0.0729926868048952	0.126360456509068	0.148375345317676	0.0924165808468525	0.088979617750823	0.10849325193097	0.0689222970532293	0	0.107205335748946	0.0950624205193136	0.0815009279225238	0.141994732301389	0.14429977247719	0.316159974251942	0.233091717560738	0.275946182119721	0.218984868801301	0.300353584867418	0.249083402689543	0.295534772416004	0.228162770034218	0.231084018660297	0.242816440964405	0.26893616761775	0.253928097928373	0.299942348209239	0.246530137993292	0.251016140121309	0.272124740206139	0.267628622593243	0.253135418125029	0.208736599426047	0.255502476063233	0.243746583239941	0.255824803695549	0.198717559467005	0.231424328400403	0.216210693287667	0.162926692868259	0.218823562449429	0.128232323855261	0.237271550934055	0.212414514507301	0.252904261223103	0.171189569290803	0.248348991809644
D9	0.219380026832762	0.256536606586636	0.248632874604569	0.261161294432085	0.314822152684981	0.334470335686999	0.353427798700111	0.259904638531759	0.348109635655164	0.203066405201959	0.222248501593263	0.204031346143181	0.224224796427198	0.172508727624267	0.155505386828147	0.193726889275027	0.0723298501017291	0.113436297728957	0.102396794234768	0.0955742458386348	0.152907160110514	0.106330375586531	0.112835920965256	0.107205335748946	0	0.153013182530488	0.0777047540507538	0.111837444593997	0.125061490922072	0.320175386758701	0.266932514464043	0.291959307871899	0.218665545908214	0.290494545952442	0.246482808723175	0.2924644284485	0.232169819589766	0.23351932181027	0.243330401917757	0.266787561850316	0.249233604500558	0.299185850820192	0.229959545235744	0.218645257469538	0.242097630853179	0.242438815140965	0.236416725841105	0.183835552093638	0.228001464047798	0.216406102221902	0.223895106664794	0.168966700840989	0.211091914641503	0.176523705980432	0.150031910329665	0.193676771268737	0.160406861219077	0.218080292296496	0.187389285454617	0.227262515896636	0.184806027097638	0.221685600117796
DA	0.214696210487783	0.246286509000218	0.238038657788733	0.251309144524757	0.238266118030388	0.230177162433979	0.241317468184002	0.1666465801406	0.234080869816029	0.172749493800669	0.150669980812174	0.216252513054741	0.241924941702876	0.207619511180389	0.125359464013168	0.197338922186586	0.139598417360836	0.201311571606149	0.216593663541096	0.124424129096642	0.106240526845185	0.122013168535406	0.0876133460952847	0.0950624205193136	0.153013182530488	0	0.121433347526369	0.14233193181441	0.127155474754478	0.255569819079739	0.16383698249063	0.208802599266395	0.189614402703223	0.253460494672018	0.20586543938249	0.24166314269601	0.202764001790025	0.213269355005585	0.207607129175024	0.219111691437937	0.230514909881314	0.247813857860055	0.20691675423015	0.2248770373076	0.239083944800455	0.230733355694482	0.207393353811894	0.182534854752574	0.217731051606239	0.227308801630647	0.24938423069998	0.173601327545903	0.193225124814622	0.200332254107512	0.132201068165499	0.187699200949112	0.0971499382405221	0.197749350445271	0.186202474895841	0.219344079158718	0.121134701922784	0.209906285948638
D8	0.223089487241892	0.263633754308381	0.254525871127614	0.26572359985634	0.29583122010021	0.304043891634196	0.313681446593706	0.233641263869649	0.307070077934537	0.199209763519979	0.20302826609005	0.215829389951903	0.244076988327912	0.190832395527236	0.144644440487897	0.200259391086956	0.0827637249822726	0.133674229818056	0.143764186735992	0.0885117976623175	0.127194440872814	0.101493263932588	0.0856385947357415	0.0815009279225238	0.0777047540507538	0.121433347526369	0	0.120206974556527	0.123941053246185	0.310200968633298	0.23942937047154	0.27369943951722	0.215123425635178	0.288726659564427	0.2428274881162	0.285532513733539	0.230502718207605	0.226429258088251	0.243319538194553	0.261458852108491	0.255449783924371	0.292650303370828	0.231117380353052	0.230449458032584	0.25170420690853	0.244917357360729	0.233601411062551	0.190698352846554	0.238057573163123	0.237118477570833	0.246289358232284	0.174246552509375	0.212944320913469	0.194008096960779	0.142460749632597	0.202218166574511	0.12289576076045	0.223493228444382	0.191255542594075	0.24116638411504	0.159172786919431	0.230135258800527
DC	0.195577226630527	0.234753763930352	0.231538074475367	0.247773320098469	0.247258108440299	0.276540817973423	0.31052379846707	0.193670319433392	0.308062242915584	0.126434681960328	0.147772978404115	0.131126226536178	0.169684855662144	0.104855644912703	0.0886988120702064	0.128031614271839	0.126157846688242	0.188015333523579	0.166721174251529	0.0980266540662176	0.170045138866137	0.0998087990675953	0.130580531695264	0.141994732301389	0.111837444593997	0.14233193181441	0.120206974556527	0	0.0645438383314647	0.251819093732614	0.215159054617318	0.221815788629002	0.181476668739316	0.227636242332279	0.189129128212484	0.223733124004968	0.214549764468915	0.205968627436176	0.209416208271244	0.211236479499198	0.240220246977762	0.235795609347709	0.159028757560257	0.148304898313366	0.166230427278108	0.160185299042589	0.154534532093171	0.11207167652229	0.164935343639107	0.204506949131248	0.211221598841795	0.0959390422354204	0.130295262429569	0.117205236497195	0.0866543046882978	0.118536516636581	0.134352424402957	0.151118886644574	0.109701336890973	0.183098489896795	0.128113778500126	0.155544491120858
DD	0.187975784042072	0.215117711500175	0.211138596830212	0.230617036324413	0.218478700885669	0.243818962781963	0.277290635755748	0.167652178474036	0.274484779551229	0.109915384070038	0.127261016241156	0.134654685423081	0.153155965628269	0.124076753912767	0.073435307089154	0.121217543939178	0.139469479694248	0.203897480242632	0.191155604269086	0.11054449599616	0.15597146206406	0.0996087455576959	0.122148150419297	0.14429977247719	0.125061490922072	0.127155474754478	0.123941053246185	0.0645438383314647	0	0.229244561310029	0.177242660773675	0.193026288795039	0.172898402416335	0.211832345384077	0.175590581560226	0.201262999119159	0.200357341572354	0.204646392520149	0.192052675998344	0.190700324276061	0.223254261988694	0.220239929538411	0.149437901928543	0.141902053566115	0.160352116262293	0.160739510202814	0.133931623777898	0.0972503051940692	0.145217271354525	0.190565976397958	0.209140349683032	0.0854216956488695	0.11017383724522	0.104945610458378	0.0594456105979065	0.102912499167788	0.112289876425854	0.13072117772086	0.105999628252622	0.162564163848373	0.0967752384363968	0.139713469441008
ASTUR_7	0.304863663587961	0.305914045268022	0.309644075361094	0.331588286865662	0.145780042843829	0.165960513618658	0.235484627022172	0.143328321237155	0.241591484281033	0.167628865871562	0.170714873996464	0.208676235913015	0.228008242798953	0.243067003743427	0.209088718660823	0.19732570302209	0.329928145729135	0.395555724361331	0.385956029881376	0.297602909974699	0.305380639535069	0.28159030704748	0.285569209111386	0.316159974251942	0.320175386758701	0.255569819079739	0.310200968633298	0.251819093732614	0.229244561310029	0	0.15548588961597	0.0955695450261403	0.233980314778413	0.202345429916008	0.209428086147397	0.16948292979417	0.266218204336402	0.295967067318124	0.234514880023031	0.176171379070299	0.285537447868649	0.179970751374212	0.191504868493208	0.201077373218472	0.181474700311356	0.20241870179474	0.159957394504586	0.203371457941577	0.188047169666834	0.276549384694003	0.303272832809908	0.213953170084112	0.177856716081139	0.230933755154206	0.218233327715236	0.190302480838021	0.24476196375024	0.185596820914505	0.200145675523856	0.20837558755372	0.194220648891045	0.182351023812156
ASTUR_8	0.262195828077455	0.262039054754076	0.260370754327652	0.281605568430446	0.139554390630887	0.110865968013336	0.145314266875721	0.0861232647157703	0.143947264157123	0.15465808991365	0.126743140201801	0.216432241971866	0.226046703772238	0.238511559680224	0.159366216067437	0.193407467582183	0.263304739551311	0.32757538102648	0.333370165507801	0.236032434485475	0.208867217747009	0.218326144957356	0.204693079971654	0.233091717560738	0.266932514464043	0.16383698249063	0.23942937047154	0.215159054617318	0.177242660773675	0.15548588961597	0	0.0933721931028911	0.203828870919529	0.216129779895589	0.198166591657032	0.180348980687168	0.218120979604357	0.257887612551222	0.199458169616891	0.170733226822248	0.241409737675142	0.198936360917016	0.192812111520583	0.209236428883542	0.210754427428382	0.217636344820013	0.165997805166883	0.184448678784853	0.188725756231496	0.245860872653709	0.280293567778806	0.191675623827737	0.169282828826707	0.212754894586152	0.165598302889974	0.179684570412588	0.157100943355333	0.172140961820807	0.1916322502111	0.19738909326799	0.124016313763114	0.18694763480886
ASTUR_9	0.275357308379557	0.277570242178886	0.280237571453563	0.301873124127555	0.108897569508752	0.115531318464243	0.185701973634256	0.0857760472067785	0.190896153009985	0.135093847604504	0.119153423773912	0.19179417142103	0.212398858110446	0.224859461883049	0.168643611722154	0.174893473246038	0.298034201700883	0.365272453230654	0.360656284719604	0.264790768953566	0.262353140608185	0.248290105769769	0.246934875083459	0.275946182119721	0.291959307871899	0.208802599266395	0.27369943951722	0.221815788629002	0.193026288795039	0.0955695450261403	0.0933721931028911	0	0.205355338109012	0.186401762876876	0.185371953994912	0.144499663559058	0.233893493998431	0.266695887063436	0.205221805540702	0.151375273113073	0.25841847284491	0.167641215279488	0.167204280761816	0.183015132533208	0.169835298079155	0.182477408127756	0.129770826549213	0.174617921880206	0.163609542457149	0.251152868304577	0.280855202906821	0.182682879975347	0.146404500221741	0.20476820494343	0.177592430023003	0.161359544385051	0.196745774422569	0.15613026004974	0.172473220398989	0.183288635503468	0.141065857608964	0.158558276966851
J1	0.255315440734879	0.276870604403218	0.271939823177582	0.287992797250355	0.229935149409108	0.249399564781808	0.279982575178726	0.190363071836805	0.279381939233181	0.168949348280676	0.17861217703204	0.194062898932071	0.226096808378867	0.202131475279118	0.166618976947221	0.187538316947072	0.230580434093682	0.282406429219456	0.274041926840076	0.209047327386087	0.227677092085945	0.191082465380466	0.203954144837614	0.218984868801301	0.218665545908214	0.189614402703223	0.215123425635178	0.181476668739316	0.172898402416335	0.233980314778413	0.203828870919529	0.205355338109012	0	0.136280718408886	0.107793902422508	0.150519715217661	0.104082166023099	0.118861303825314	0.0813621574810995	0.105872600815835	0.142718218230549	0.144948282351317	0.12095436325712	0.201036390126728	0.205240607230587	0.209400084192198	0.185989785446345	0.166045766754427	0.180801949878194	0.194855964069002	0.2155879259532	0.172483377359277	0.17679628364982	0.197859825352102	0.166817253134028	0.165467162582458	0.183464863216151	0.162333318283932	0.178271536605201	0.164949999330007	0.165952102566456	0.169004192293425
J10	0.280253454105995	0.296928433066581	0.296432539992504	0.313322055279662	0.20875799756529	0.244375560288014	0.296605109182011	0.200586637427625	0.299739729588752	0.180012326373941	0.189079595654529	0.203157471663831	0.221863207505749	0.226713238925297	0.205095931067266	0.199796435152907	0.305968001189331	0.363535863038729	0.350541454827186	0.277483961313684	0.301431543926291	0.254969706295188	0.275936882650636	0.300353584867418	0.290494545952442	0.253460494672018	0.288726659564427	0.227636242332279	0.211832345384077	0.202345429916008	0.216129779895589	0.186401762876876	0.136280718408886	0	0.0953723993504468	0.0763718588837421	0.191133258862211	0.165006509914853	0.140322531803189	0.108065885934781	0.210447583657446	0.0802386096684087	0.0894962232649232	0.197060913288709	0.184607651230208	0.187680348468234	0.160130264442508	0.17539982951004	0.174316326795755	0.245128645226518	0.263907599939766	0.184996215071982	0.166829811956129	0.208367665719045	0.198328345135354	0.168967132205651	0.239332938056839	0.164777361787144	0.185433576871637	0.178934640470709	0.196575588529392	0.168756735385343
J11	0.238815541694146	0.259003546715481	0.256491611291626	0.271656294790416	0.204327625685963	0.232041666446573	0.274531571309974	0.177464372320195	0.275484729533546	0.159531679435987	0.168737702439388	0.200759097992547	0.226915763006634	0.208530622285138	0.172436714774529	0.197434508198735	0.257940382564847	0.31397219437862	0.304229967121524	0.226105390627245	0.248946643224572	0.202707482968297	0.225879438902119	0.249083402689543	0.246482808723175	0.20586543938249	0.2428274881162	0.189129128212484	0.175590581560226	0.209428086147397	0.198166591657032	0.185371953994912	0.107793902422508	0.0953723993504468	0	0.117516563318794	0.160993845360158	0.138637946548615	0.125929135488336	0.118900073231	0.181930427044749	0.0958491088971279	0.0973756372555021	0.203293824776853	0.199659738285677	0.200602403288354	0.164333013778131	0.167763839939054	0.183377571183782	0.22474334099969	0.245734043030897	0.173941493897201	0.168130442009556	0.202878693272055	0.170399894085305	0.164305149128587	0.201614936779628	0.165889409281474	0.182425954298753	0.182185509391175	0.171520568005972	0.172785585723877
J2	0.269245887424312	0.276071710164017	0.277132931872482	0.295009891495015	0.163165924271085	0.199168579991807	0.26126722499013	0.164766884915481	0.265486464699011	0.15628647676622	0.159937120629676	0.195192163449067	0.206461918376142	0.222105822673792	0.187953500940843	0.182175281259725	0.304251609883482	0.367461361873107	0.356132481655047	0.273538670409638	0.291018869603907	0.251370463339773	0.267651684233892	0.295534772416004	0.2924644284485	0.24166314269601	0.285532513733539	0.223733124004968	0.201262999119159	0.16948292979417	0.180348980687168	0.144499663559058	0.150519715217661	0.0763718588837421	0.117516563318794	0	0.20320574756894	0.196725354449966	0.151214960193531	0.101773512635924	0.222683637055607	0.0863647547870314	0.0991309945818402	0.183641378718884	0.170500060040406	0.17749163513566	0.128126059285815	0.166709348587447	0.157423348963021	0.244434340992123	0.268536509960622	0.177193945742136	0.146177745050139	0.19911997129285	0.186898540870731	0.154859213367842	0.22625468463653	0.152557740146986	0.16928160479351	0.1661939994386	0.172752039202445	0.154621457529917
