A1	A2	A3	A4	ASTUR3	ASTUR4	ASTUR6	ASTUR_1	ASTUR2	ASTUR_5	HF_1	HF_2	HF_3	HF_4	HF_5	HF_6	D10	D11	D12	D13	D1	D3	D4	D6	D9	DA	D8	DC	DD	ASTUR_7	ASTUR_8	ASTUR_9	J1	J10	J11	J2	J3	J4	J5	J6	J7	J8	J9	S1	S2	S3	W13	W16	W10	W11	W12	W14	W15	W1	W2	W3	W4	W5	W6	W7	W8	W9
A1	0	0.0793414989733372	0.0726330416991603	0.0736890951959055	0.197037666367223	0.213154905823401	0.232829348760938	0.174456496946861	0.230277724261514	0.15221456073315	0.155152082511111	0.173295565310877	0.174607046019519	0.161447535634674	0.140849010283576	0.16819709334476	0.158130582956772	0.186571706989523	0.18364566058188	0.143523309359677	0.165518660445852	0.131190951598927	0.151796685784494	0.159372332266344	0.152363974171591	0.148481057376595	0.154259389309949	0.136166248269691	0.130188373686374	0.2109925514509	0.181531207947328	0.191182143089303	0.174486345850664	0.191940193064228	0.163361203484305	0.185715976577903	0.187454523491171	0.180843135503818	0.183827144445043	0.187678618898521	0.194653531623129	0.197424656585327	0.164520331057776	0.174589657309951	0.183763514742066	0.181315228334381	0.162871640586738	0.158128696365597	0.172005375123861	0.178654163375586	0.187028606443209	0.152901259064368	0.161121068563516	0.159013267407109	0.137011135280525	0.155986326168132	0.152721881844834	0.166807784387654	0.160612515450844	0.174516867957662	0.150095511780808	0.168159805233175
A2	0.0793414989733372	0	0.0244487383360291	0.0425738791354975	0.195396527771905	0.208338036219514	0.23114688824487	0.182171485684154	0.229221184663398	0.164380474877918	0.174204763840106	0.19058559940099	0.176069297989633	0.182533553685976	0.15983920540447	0.18085067778101	0.180734672389637	0.207956024102761	0.203887617095563	0.167363890696535	0.175064234885229	0.155691838016024	0.169019403121027	0.181805149139719	0.178155898506532	0.170318748331579	0.18243853374371	0.16331339892601	0.149387841518125	0.212315682658588	0.181484416682785	0.19309796572714	0.189183059690852	0.203292420166619	0.177285895193409	0.190354346541982	0.200158635504308	0.208742432886907	0.19025108184478	0.195562800310351	0.198176832078658	0.204577632640565	0.182618492779379	0.189922109814379	0.197421778082911	0.204839416771764	0.174177152630014	0.172104761341113	0.180289130277446	0.183482025356371	0.200042352505276	0.174770966908477	0.172440639466588	0.172100377157591	0.160276356493816	0.168675136237205	0.178139602936607	0.176541542467992	0.178772533238437	0.178341696244017	0.168915929752731	0.180267162673907
A3	0.0726330416991603	0.0244487383360291	0	0.0353034616013645	0.197637219635355	0.20897873184466	0.2291467684501	0.182087926874227	0.226570269140633	0.165017990555215	0.173690853523859	0.192589723441776	0.178750070160531	0.184086407544223	0.158617144524613	0.182420390429752	0.174744506110254	0.201331490080489	0.199855931187732	0.162303377729954	0.168517195679193	0.149144372291185	0.163060065953518	0.175429547331071	0.172834871522722	0.164753333487795	0.176280002692721	0.161173809496726	0.146750728426193	0.214884233064108	0.180537149385859	0.19501018502833	0.186590138969998	0.203796669336632	0.176312716825073	0.191810922078779	0.196264597456031	0.203998872697391	0.188187096847837	0.195065912106743	0.195304981860381	0.205779172510425	0.182658108241713	0.191456706517223	0.199808719615183	0.206672483627183	0.176247079404822	0.172643021419261	0.181708054613376	0.182635428649907	0.198862946683587	0.174785123112932	0.174149108425726	0.172718125930687	0.157178634972665	0.16972946420629	0.172041528377227	0.177760531727072	0.179909013878666	0.179584898152658	0.166476167285527	0.181552532691803
A4	0.0736890951959055	0.0425738791354975	0.0353034616013645	0	0.20986478586456	0.220228767968771	0.238952086063521	0.195670527070794	0.236297195795782	0.179296991263031	0.186347308088879	0.20666587720167	0.19463059150719	0.196740761546941	0.171031907137577	0.19652888605325	0.181739235393151	0.206673200173364	0.20556844878855	0.169859279808697	0.176897191924122	0.15756412181855	0.171372201606016	0.182240750100568	0.181156729360003	0.173499662702038	0.183598758875425	0.1721288595469	0.159870802080608	0.229159915636462	0.194587999323291	0.209270724628242	0.197742345689388	0.215455604729653	0.186864518061688	0.203923480510866	0.207724808696956	0.212058812564314	0.200043670731063	0.208144614759682	0.205770062733405	0.216749679065524	0.195304877159856	0.205965879920217	0.214713106397919	0.219318599281128	0.18974799023642	0.187263159013772	0.196851638805216	0.195085211890593	0.209727504974234	0.188377691650119	0.189015300725054	0.187900376308704	0.170152533804105	0.184353351993163	0.182369094734485	0.192867634269099	0.192939281766444	0.194033217018686	0.178569583695752	0.195943109424904
ASTUR3	0.197037666367223	0.195396527771905	0.197637219635355	0.20986478586456	0	0.0748492957939162	0.118827216165166	0.0829098600949602	0.126644724500749	0.117972813527572	0.106140612405202	0.155660567631257	0.174253193269625	0.17654329710352	0.137042339866924	0.14895179945998	0.224302598865788	0.267698780972312	0.265393473962329	0.201531849162175	0.198639665603932	0.188660412007105	0.190360077392051	0.209522761795957	0.22007750848701	0.166261357015268	0.206436841120341	0.173468704241849	0.153359948594489	0.101654645545978	0.0978205749986822	0.0760901705153896	0.157604226650516	0.14157461459392	0.139429366649048	0.111595308474022	0.176171483079134	0.193164790276432	0.15635139058145	0.119819686739846	0.190595040499169	0.123432547929274	0.137063606750033	0.155220013895763	0.147454583309844	0.151547645982926	0.110373304519615	0.147872238331811	0.141503678220994	0.190438441773778	0.208806970041381	0.150745915069579	0.128131110611608	0.168326776713187	0.146461097413775	0.139025163915275	0.156532783405255	0.137239107927215	0.144671762182373	0.154340902349528	0.118715086575364	0.133840756260399
ASTUR4	0.213154905823401	0.208338036219514	0.20897873184466	0.220228767968771	0.0748492957939162	0	0.0786359308624367	0.0778511859868736	0.0837060935318142	0.141908786897064	0.119813094543995	0.188861919215524	0.20087259139821	0.207228300941816	0.151779943271754	0.174502996930159	0.231096250146674	0.274996996511568	0.279426310569075	0.208838299149314	0.188773633219976	0.198166283158117	0.188066071067673	0.208579943533984	0.233882439898259	0.161225305210158	0.212669702628224	0.193872436824357	0.17109310579731	0.116020449698149	0.0779542660138033	0.0811149792565304	0.171210523024041	0.166607311856518	0.15883489929771	0.137090810498589	0.182882384712062	0.204395886186864	0.167144541091692	0.140727576115471	0.196981640318577	0.14456024672936	0.164558531975613	0.186159045173448	0.181327257522716	0.183046504727574	0.144091228386089	0.172849797458582	0.171470438762579	0.208802841828984	0.229950743393786	0.177113883537452	0.156613417804904	0.194867187547336	0.162638788704297	0.16633093376614	0.154647441505058	0.162806784045334	0.172771973120859	0.177393725516653	0.126971284098458	0.165595900479703
ASTUR6	0.232829348760938	0.23114688824487	0.2291467684501	0.238952086063521	0.118827216165166	0.0786359308624367	0	0.113177853263479	0.0165316682573085	0.181159677212064	0.153249751971908	0.223196916556816	0.238788471844397	0.238343542940432	0.180734846720339	0.213347916093629	0.239445338253726	0.278156978852294	0.28900776956262	0.221481319367989	0.187529493881247	0.211114078036672	0.195165882653566	0.211405791537153	0.246749896430371	0.168998623428804	0.219323758636561	0.217360682942919	0.194296192003089	0.164196878721804	0.102012873706755	0.130181053432869	0.193038843350256	0.203805995074631	0.18912879993621	0.180968924054219	0.194504060442606	0.216190737515555	0.18957141122972	0.172161577922402	0.213143001551355	0.182985392213248	0.201741036125893	0.223245608907139	0.222795964356958	0.222690294343721	0.187258523056378	0.205818755966375	0.210366687116048	0.233601892137976	0.252486043436156	0.20809107654252	0.195402886234162	0.228149336989565	0.187072756893017	0.204083202323259	0.159625084417333	0.199266298902402	0.208914031513633	0.214444869423754	0.149172475815755	0.204440855820838
ASTUR_1	0.174456496946861	0.182171485684154	0.182087926874227	0.195670527070794	0.0829098600949602	0.0778511859868736	0.113177853263479	0	0.113997557718261	0.0845780343472494	0.0641974262422289	0.136398707079922	0.156395405066772	0.148986286032229	0.0980863323417839	0.123737133788718	0.182016934569051	0.226693387003586	0.228630674570375	0.157205364246864	0.152137976517254	0.146960400053883	0.144824785589537	0.163166075579262	0.182297199860258	0.116954265357587	0.163751034393822	0.136186061227862	0.117862791451757	0.100376477120491	0.0606420624617847	0.0603861785094088	0.128772351583701	0.135390492461946	0.11948259244672	0.112351131355863	0.14555146877592	0.162270949855846	0.133137417634579	0.107905704808295	0.168002882384832	0.120196872125796	0.116565535116278	0.135549574439331	0.134355443499789	0.133979538706272	0.0989938661290218	0.12138836290023	0.127519496028174	0.169036012443367	0.185754943287933	0.12291175345732	0.108248995301986	0.144506137589129	0.10946025256298	0.116656779224092	0.108630016540555	0.116398106987469	0.12038425290723	0.136294455149953	0.0792420028194818	0.11903250839268
ASTUR2	0.230277724261514	0.229221184663398	0.226570269140633	0.236297195795782	0.126644724500749	0.0837060935318142	0.0165316682573085	0.113997557718261	0	0.181827235896436	0.15372129241209	0.225026738962322	0.239324309039161	0.238753565217418	0.179686017729024	0.214080915399729	0.234532297927017	0.272897731488027	0.28521268814206	0.217312809002838	0.180876484498102	0.207104595976563	0.189859576372628	0.205840022647742	0.243133593128661	0.164022505413094	0.214839244189053	0.215666761148033	0.192387572499734	0.168504152088471	0.101102248491099	0.133853151155812	0.192437996649539	0.205863299359867	0.189623273059067	0.183790010479419	0.19280411193261	0.213894728282947	0.189207682167952	0.174215817243332	0.211815461928587	0.185685517035962	0.202788348591221	0.224593580296585	0.225094680470931	0.224842234139004	0.189571415508013	0.205972666774643	0.211959247313341	0.233008312777923	0.251949149015826	0.208184650266625	0.196822873942664	0.228010237442918	0.185319579018343	0.204934016538225	0.154894000590591	0.200425805527465	0.209666649062325	0.215281299189505	0.147800095373081	0.206313952209015
ASTUR_5	0.15221456073315	0.164380474877918	0.165017990555215	0.179296991263031	0.117972813527572	0.141908786897064	0.181159677212064	0.0845780343472494	0.181827235896436	0	0.0655680053395522	0.0847561945714837	0.0958272191453736	0.0856900259704461	0.0655140719368956	0.0680813576779837	0.152583133582493	0.195654457597015	0.187561306313434	0.128632670004882	0.151359719844985	0.117342360068466	0.13142445714732	0.148859912167966	0.142529346341265	0.12112510810603	0.13945494102489	0.0887772320022607	0.0770562868858178	0.117603605321592	0.10882439940854	0.0950917059704402	0.112356261381912	0.119667673991263	0.10582049193032	0.105590325899933	0.137560846175052	0.149902239336292	0.121721897659992	0.103060760176541	0.155441367898771	0.121367207403496	0.0792031432676529	0.0795964672290366	0.0822758560299717	0.0930522891171762	0.0592038156771032	0.0701737331915806	0.0784636136062528	0.134075586447489	0.147192050706224	0.0713468879069857	0.0605895374756818	0.0842328897788503	0.0705889361949555	0.0613016715007187	0.106365205438426	0.075635796104035	0.066572447037661	0.0940301256842116	0.0758770824063282	0.0726017094531497
HF_1	0.155152082511111	0.174204763840106	0.173690853523859	0.186347308088879	0.106140612405202	0.119813094543995	0.153249751971908	0.0641974262422289	0.15372129241209	0.0655680053395522	0	0.10292919855964	0.130876749016779	0.113189439899685	0.0703124341147111	0.0949231345817057	0.159532135605495	0.20538258781604	0.202044699626478	0.13587101812362	0.146202895599751	0.125751181687419	0.131321052512771	0.145939308558719	0.155893938424473	0.105548638515938	0.142202651401832	0.103848387335966	0.0892497322347441	0.119198863528505	0.0890040628148104	0.0837059769092146	0.119104376005688	0.126184760883697	0.112428253176782	0.108179684217088	0.14076611561908	0.145235854293051	0.129551741569779	0.110333651954845	0.16487058096225	0.124315095066609	0.0939063010653469	0.103359692214551	0.105119521296789	0.0982114522303658	0.0752367919313368	0.0903274589761803	0.102834170561841	0.153123499628047	0.166285610585142	0.0867362637223733	0.0780444531992532	0.108622370427542	0.0790664214086096	0.0849983250201212	0.0963484732042905	0.090831364716058	0.0861110878432708	0.119054104613972	0.0620070648608901	0.0952875546647196
HF_2	0.173295565310877	0.19058559940099	0.192589723441776	0.20666587720167	0.155660567631257	0.188861919215524	0.223196916556816	0.136398707079922	0.225026738962322	0.0847561945714837	0.10292919855964	0	0.0928708198882672	0.0607361628834974	0.0852556930792615	0.054526494509415	0.158459471978432	0.196799360818682	0.179336245176816	0.14380471588625	0.178008408941163	0.138647263445357	0.153700659914391	0.164900660638309	0.142628025554534	0.151060208602164	0.150505540245711	0.0921298076211574	0.0945366523557378	0.146150810887101	0.151976233327875	0.134857401027685	0.130588049552566	0.137006541844627	0.136298889574861	0.133878320070327	0.158527350989569	0.161115854008063	0.14518682596829	0.124753201114772	0.177360770891968	0.146234463145261	0.0947111090320155	0.0579882847504284	0.0627800127362881	0.0683291458254169	0.0819224124583574	0.0669004073685067	0.0824053864708708	0.144371720509842	0.147734176660121	0.063999871461153	0.0637009888835821	0.0699556780788442	0.090931010602619	0.0591525848271199	0.137268055480292	0.07752041320987	0.0581809865025848	0.107918928640575	0.107908955536228	0.0751549890467329
HF_3	0.174607046019519	0.176069297989633	0.178750070160531	0.19463059150719	0.174253193269625	0.20087259139821	0.238788471844397	0.156395405066772	0.239324309039161	0.0958272191453736	0.130876749016779	0.0928708198882672	0	0.0961571525558081	0.11662250848721	0.0768678653495398	0.172315914892148	0.207375666359702	0.190169446362006	0.158878621987402	0.186852003127075	0.150509266009799	0.16803230123647	0.182127551023903	0.156683809314756	0.168759311190503	0.170148533694772	0.119135516224423	0.107663606028589	0.159838289793902	0.158671924931611	0.149226870613339	0.15360539881937	0.150347811612375	0.154659492283669	0.14187329103616	0.172424008288401	0.187348673412832	0.154604743130791	0.144831027522896	0.178792540864901	0.167481558998385	0.114772874420202	0.0721237384597271	0.0833951255331447	0.10899280423705	0.0957684460616113	0.0818559708557217	0.0752457800466139	0.136369213208343	0.151081600050961	0.0912642442225571	0.0807831173216653	0.0652312937486553	0.107247344976635	0.0755436266030877	0.154200410002342	0.086881535572842	0.0894179840628399	0.0882892122563745	0.131394159794931	0.0913201872825523
HF_4	0.161447535634674	0.182533553685976	0.184086407544223	0.196740761546941	0.17654329710352	0.207228300941816	0.238343542940432	0.148986286032229	0.238753565217418	0.0856900259704461	0.113189439899685	0.0607361628834974	0.0961571525558081	0	0.0836229364846009	0.0689767382923833	0.135204791380298	0.169766942405668	0.149695673642775	0.122083647846024	0.165788325532134	0.117562996957537	0.140288039479823	0.147507010318826	0.120648595011836	0.145498238602543	0.133370539214139	0.073076489894177	0.0868068034423011	0.170322748037016	0.167262960687361	0.157858191128113	0.136471113820209	0.154188277581868	0.141788476284893	0.15317309879267	0.16216763893461	0.15933660600367	0.153737793739495	0.146737883814804	0.179785596005019	0.163940990387232	0.10657360467044	0.0738490725959904	0.0857198199923286	0.0912546782032112	0.100368297026246	0.0742915186054609	0.0993065385687787	0.14254766694143	0.142127935083377	0.068852676985598	0.0833503406526216	0.0696657235830096	0.09025254166695	0.0733581098729002	0.134006255864727	0.0948743880434035	0.06748134817708	0.116787956910319	0.116209811839033	0.0953269996475214
HF_5	0.140849010283576	0.15983920540447	0.158617144524613	0.171031907137577	0.137042339866924	0.151779943271754	0.180734846720339	0.0980863323417839	0.179686017729024	0.0655140719368956	0.0703124341147111	0.0852556930792615	0.11662250848721	0.0836229364846009	0	0.074398529273395	0.11325955479314	0.158937998477379	0.154485407816317	0.0950669301512304	0.11627881987738	0.0892462368724291	0.0926527444489054	0.109000706162425	0.109195294401199	0.087838328155047	0.101428387837909	0.0621351246840077	0.0513288298798782	0.146393327992292	0.11210014441734	0.118681971816878	0.111245763869621	0.139047579567611	0.116148110789367	0.129300081336666	0.135687887135767	0.136906858922859	0.12689403352906	0.12172564179586	0.154262051891965	0.139451100005901	0.0975116305237328	0.0972864771179292	0.106199282018502	0.100616331957771	0.0870468009466745	0.0718781761520114	0.101279292013267	0.136256934588057	0.146832629094435	0.0647163750651917	0.0746030036125453	0.0859273656589281	0.0506315161988251	0.0696503363583325	0.0808979588186208	0.087806191307267	0.0668019064782706	0.113144922557497	0.0588604329720805	0.0929736024996933
HF_6	0.16819709334476	0.18085067778101	0.182420390429752	0.19652888605325	0.14895179945998	0.174502996930159	0.213347916093629	0.123737133788718	0.214080915399729	0.0680813576779837	0.0949231345817057	0.054526494509415	0.0768678653495398	0.0689767382923833	0.074398529273395	0	0.148769166125537	0.190664957337546	0.177613825490351	0.134145802857641	0.164592129993704	0.130361361237589	0.139900214467318	0.154370862711822	0.135717089376692	0.138053752923741	0.13996616416406	0.0899611457641735	0.0850875992164326	0.138402018356722	0.136048175995125	0.123101361636204	0.126350705198503	0.134921013366303	0.134029553727531	0.124869329676936	0.155892247766368	0.161461935782152	0.139670885757024	0.122012523663634	0.171855615718383	0.142421690172355	0.0919079072087202	0.054857158779886	0.064301700504848	0.0776357896347673	0.0739479482781832	0.0616884705300313	0.075461184071618	0.139344831279994	0.147900654835893	0.0635131466994775	0.0603348876715614	0.0645308499172455	0.0818967620929025	0.0537186462138194	0.123630184051555	0.0746651965295274	0.0504765009328825	0.093012327337981	0.0956488253078406	0.0738459025865171
D10	0.158130582956772	0.180734672389637	0.174744506110254	0.181739235393151	0.224302598865788	0.231096250146674	0.239445338253726	0.182016934569051	0.234532297927017	0.152583133582493	0.159532135605495	0.158459471978432	0.172315914892148	0.135204791380298	0.11325955479314	0.148769166125537	0	0.0649001291356358	0.0726033400916244	0.0535938991244072	0.0846853725821096	0.0729910023630308	0.0635792557400547	0.0511421949113651	0.0506760519194288	0.0980491764839985	0.0579243577954658	0.0885604647237956	0.0977964621724072	0.230338780832835	0.184765602646768	0.208685708147878	0.157574550381836	0.210687090670072	0.177217672934955	0.210838249413922	0.167267186927328	0.160372030149047	0.174898464800349	0.195189390016568	0.180245582966295	0.213554778352138	0.171438788634453	0.168507492703226	0.184797324209476	0.182845234574888	0.177840625693992	0.140271108992183	0.176071304425443	0.166460190039773	0.169789911635891	0.133866343249709	0.160263742660247	0.140233156951312	0.114715432365034	0.148631352578459	0.108464988678787	0.165183686435494	0.14331593682497	0.174858695526571	0.133441131387802	0.172747447495899
D11	0.186571706989523	0.207956024102761	0.201331490080489	0.206673200173364	0.267698780972312	0.274996996511568	0.278156978852294	0.226693387003586	0.272897731488027	0.195654457597015	0.20538258781604	0.196799360818682	0.207375666359702	0.169766942405668	0.158937998477379	0.190664957337546	0.0649001291356358	0	0.067586291049348	0.0989521728887223	0.113891016949543	0.110752277172396	0.103251754466968	0.0889122955520101	0.0797347354393944	0.141473052659001	0.0940350625616314	0.131793718185766	0.142983771904915	0.274664307953751	0.229147916326611	0.25473964712364	0.194822060522603	0.250998268694285	0.21697526555249	0.254730863367478	0.197817382768753	0.192577939908079	0.210835897817212	0.235916850544604	0.208741376853268	0.256029887162589	0.213825613629243	0.207914056105445	0.225778155739556	0.223969134005283	0.222743245163589	0.18296977366028	0.216533543349414	0.194466062230369	0.195005111367941	0.176533951167629	0.204123694885733	0.178433191350758	0.160045908059783	0.19138903809296	0.15313895633512	0.206363145603724	0.187146331560053	0.212464368778885	0.180584629050663	0.213412678895359
D12	0.18364566058188	0.203887617095563	0.199855931187732	0.20556844878855	0.265393473962329	0.279426310569075	0.28900776956262	0.228630674570375	0.28521268814206	0.187561306313434	0.202044699626478	0.179336245176816	0.190169446362006	0.149695673642775	0.154485407816317	0.177613825490351	0.0726033400916244	0.067586291049348	0	0.0949173406025033	0.13720537988285	0.11161406613536	0.120109991913714	0.104209552414188	0.0720396240190616	0.152029518232679	0.101039836219252	0.116982680394741	0.134233655868854	0.268924733915557	0.23324168202475	0.252079207170985	0.189080187992938	0.242243300206238	0.210326975757294	0.247298957806223	0.194271783481056	0.19075050752832	0.204654921581289	0.230006530062006	0.202005590885067	0.249103393505346	0.202438062324413	0.192114878088938	0.209199801752709	0.20940824650003	0.211375496815992	0.169335969926112	0.202103267050114	0.180416177420157	0.178882393951747	0.162836790957239	0.190961158534238	0.161655951672009	0.155245973724356	0.177717076983049	0.162648346262592	0.193421451892894	0.174009258414616	0.198694914598551	0.181741835284148	0.199194993846514
D13	0.143523309359677	0.167363890696535	0.162303377729954	0.169859279808697	0.201531849162175	0.208838299149314	0.221481319367989	0.157205364246864	0.217312809002838	0.128632670004882	0.13587101812362	0.14380471588625	0.158878621987402	0.122083647846024	0.0950669301512304	0.134145802857641	0.0535938991244072	0.0989521728887223	0.0949173406025033	0	0.0875137107578802	0.0561415390768751	0.0656851776250701	0.0647406036150449	0.0669535055061064	0.0871273892287379	0.0618496792712659	0.0687623008984005	0.0774002548167871	0.207910247217522	0.165647764519408	0.185518832037051	0.14274295832314	0.191126037767678	0.155319570165012	0.189698915428221	0.155850692884468	0.149449302792226	0.160949579218124	0.176356465049049	0.170872184540392	0.192681293548428	0.151597811962709	0.153460119802745	0.168253767415861	0.164485308045113	0.154610276802848	0.123886032714734	0.160113717523695	0.157440718058666	0.162838455124159	0.117046622136687	0.139795236716854	0.127704869730771	0.0958450690844524	0.131307097406601	0.0945341357826663	0.148795451491204	0.127359566615033	0.16084603117845	0.11327509131379	0.15401604391568
D1	0.165518660445852	0.175064234885229	0.168517195679193	0.176897191924122	0.198639665603932	0.188773633219976	0.187529493881247	0.152137976517254	0.180876484498102	0.151359719844985	0.146202895599751	0.178008408941163	0.186852003127075	0.165788325532134	0.11627881987738	0.164592129993704	0.0846853725821096	0.113891016949543	0.13720537988285	0.0875137107578802	0	0.0934493254710017	0.046601910494092	0.0624877178205357	0.107420241673797	0.0741629871481001	0.0893799015681478	0.119197960266332	0.109215808396828	0.212276103301342	0.146277946823921	0.183084535788903	0.154676648758395	0.20656212882931	0.170106710777983	0.200706622994849	0.154192687962098	0.163063952794088	0.162996269903555	0.183131451162572	0.168826174302242	0.202839163759059	0.176730984908731	0.185296363809628	0.197927786726586	0.197854500705083	0.178485088827483	0.15154007508644	0.182693713972489	0.170732644197124	0.184259447063605	0.149983549701987	0.164699958476775	0.159036594001971	0.118847226366162	0.158356819857533	0.0896824660001768	0.167939841631968	0.159393188894792	0.178548835415492	0.118210339754719	0.178177155865527
D3	0.131190951598927	0.155691838016024	0.149144372291185	0.15756412181855	0.188660412007105	0.198166283158117	0.211114078036672	0.146960400053883	0.207104595976563	0.117342360068466	0.125751181687419	0.138647263445357	0.150509266009799	0.117562996957537	0.0892462368724291	0.130361361237589	0.0729910023630308	0.110752277172396	0.11161406613536	0.0561415390768751	0.0934493254710017	0	0.0727072041529343	0.0760211201998011	0.0744037569266886	0.0853765782883169	0.070828662026043	0.0699460864915352	0.0697299872071166	0.196915704882967	0.153287672822417	0.174139214604101	0.13166135477172	0.176931162266077	0.140369501254409	0.175557982336246	0.143385754102008	0.140364420789788	0.147399951993529	0.161687386069741	0.15861610512257	0.179342950444115	0.138824486686174	0.143709184137522	0.159682546080477	0.158334496983621	0.143354510130735	0.116374861228612	0.148221304494901	0.148056413480631	0.156278633306307	0.111212240786344	0.130706682064036	0.121750146895056	0.0862669951908751	0.122615953168971	0.0896638068448428	0.137536801069099	0.122741513553257	0.149435126244452	0.105499739899536	0.143083276299128
D4	0.151796685784494	0.169019403121027	0.163060065953518	0.171372201606016	0.190360077392051	0.188066071067673	0.195165882653566	0.144824785589537	0.189859576372628	0.13142445714732	0.131321052512771	0.153700659914391	0.16803230123647	0.140288039479823	0.0926527444489054	0.139900214467318	0.0635792557400547	0.103251754466968	0.120109991913714	0.0656851776250701	0.046601910494092	0.0727072041529343	0	0.0483755550970804	0.0794301048613265	0.0612929122642633	0.060330933733937	0.0915225585346829	0.0856085843580908	0.199335467242833	0.143673621438065	0.17293738516683	0.138454231028866	0.189391198001357	0.15437516620191	0.185216488379054	0.146107792128895	0.149590626617188	0.151673401489315	0.168053627087361	0.160997379277189	0.187806278742196	0.155035623625473	0.16295855185837	0.175131404444601	0.173130895409048	0.158048084048449	0.129063708176966	0.161253177356477	0.156059334470461	0.167066859879015	0.124369927993788	0.143542047688102	0.136448655874054	0.0948451684254708	0.135964062489406	0.0762180312044999	0.147967919503301	0.133310189304393	0.159943021241163	0.100468172720044	0.155995055930639
D6	0.159372332266344	0.181805149139719	0.175429547331071	0.182240750100568	0.209522761795957	0.208579943533984	0.211405791537153	0.163166075579262	0.205840022647742	0.148859912167966	0.145939308558719	0.164900660638309	0.182127551023903	0.147507010318826	0.109000706162425	0.154370862711822	0.0511421949113651	0.0889122955520101	0.104209552414188	0.0647406036150449	0.0624877178205357	0.0760211201998011	0.0483755550970804	0	0.0753123342260761	0.0669876288081564	0.0571134545517868	0.0993856534484992	0.100880552253872	0.219912318175158	0.163386914246655	0.192766881373586	0.149747992651192	0.206645932852815	0.17109112047215	0.204437342228896	0.155323711779684	0.155156482207108	0.166338786161576	0.18579689459918	0.172873317821075	0.206421411634595	0.170582378175156	0.1742047092554	0.188900525986193	0.185855730397114	0.176459652353065	0.144729756677354	0.177553037392124	0.16705651164819	0.174356745923191	0.138589154410624	0.161212915674482	0.150612799955275	0.113847297680995	0.15225724333148	0.0900237993347981	0.164677620608715	0.147963335984057	0.175240457288472	0.119929421000244	0.17256702451873
D9	0.152363974171591	0.178155898506532	0.172834871522722	0.181156729360003	0.22007750848701	0.233882439898259	0.246749896430371	0.182297199860258	0.243133593128661	0.142529346341265	0.155893938424473	0.142628025554534	0.156683809314756	0.120648595011836	0.109195294401199	0.135717089376692	0.0506760519194288	0.0797347354393944	0.0720396240190616	0.0669535055061064	0.107420241673797	0.0744037569266886	0.0794301048613265	0.0753123342260761	0	0.107562763733428	0.0545279590712087	0.0782432172027303	0.0877536947708473	0.223789731631571	0.187215584923314	0.204639809380009	0.149528394941063	0.200077102369417	0.169253520521557	0.202997531326614	0.158923570499561	0.156699689143667	0.166942992065872	0.185117166348217	0.170743488557445	0.206360209857158	0.159384818817951	0.15285644785551	0.169190572548845	0.169279437832199	0.165740988062909	0.127892346844704	0.159504682832941	0.148943512649092	0.15265175228048	0.118412509704705	0.147920197394274	0.12365841113302	0.105242662899027	0.135562965461698	0.11276349874068	0.152168762920758	0.13129127753902	0.158495181897317	0.129988993985642	0.155166658102089
DA	0.148481057376595	0.170318748331579	0.164753333487795	0.173499662702038	0.166261357015268	0.161225305210158	0.168998623428804	0.116954265357587	0.164022505413094	0.12112510810603	0.105548638515938	0.151060208602164	0.168759311190503	0.145498238602543	0.087838328155047	0.138053752923741	0.0980491764839985	0.141473052659001	0.152029518232679	0.0871273892287379	0.0741629871481001	0.0853765782883169	0.0612929122642633	0.0669876288081564	0.107562763733428	0	0.0851973887312154	0.0997442997276529	0.0889207232305901	0.17845653684129	0.115043408566525	0.146314627380329	0.128162384509154	0.173275149471074	0.139941323550862	0.166690410200459	0.136382403464092	0.141248273720254	0.140472898941115	0.150777871397168	0.155317975644678	0.169468347187602	0.142744834476883	0.156926209154093	0.16676648392941	0.160880843842174	0.144951095824702	0.126696444383696	0.151997785765808	0.155415269735984	0.169805012172538	0.121415085250842	0.135058012483301	0.140138656759456	0.0922886559863839	0.131056139759101	0.0678026983068913	0.137580630409092	0.130165321905795	0.152211618313734	0.0847154669256013	0.146308647877797
D8	0.154259389309949	0.18243853374371	0.176280002692721	0.183598758875425	0.206436841120341	0.212669702628224	0.219323758636561	0.163751034393822	0.214839244189053	0.13945494102489	0.142202651401832	0.150505540245711	0.170148533694772	0.133370539214139	0.101428387837909	0.13996616416406	0.0579243577954658	0.0940350625616314	0.101039836219252	0.0618496792712659	0.0893799015681478	0.070828662026043	0.060330933733937	0.0571134545517868	0.0545279590712087	0.0851973887312154	0	0.0841895467152531	0.086957278666684	0.216096931831876	0.167943638375397	0.191561689483314	0.145999943537109	0.198027322082179	0.165932281308869	0.197473939449298	0.156078700282233	0.15063581080797	0.165586313883286	0.180333573644287	0.17317102725203	0.20091834333192	0.159618085801512	0.160559161521726	0.175395365997899	0.170653450533915	0.163410826406307	0.132363482850661	0.165889198261549	0.161619830810339	0.166594745258065	0.121835495364076	0.148881546715915	0.135710978330295	0.0997224945107157	0.141118383589032	0.0863503367068079	0.155367517822341	0.133674734459287	0.167098480202867	0.111850132389303	0.160196294581688
DC	0.136166248269691	0.16331339892601	0.161173809496726	0.1721288595469	0.173468704241849	0.193872436824357	0.217360682942919	0.136186061227862	0.215666761148033	0.0887772320022607	0.103848387335966	0.0921298076211574	0.119135516224423	0.073076489894177	0.0621351246840077	0.0899611457641735	0.0885604647237956	0.131793718185766	0.116982680394741	0.0687623008984005	0.119197960266332	0.0699460864915352	0.0915225585346829	0.0993856534484992	0.0782432172027303	0.0997442997276529	0.0841895467152531	0	0.0453504710531249	0.176580234109827	0.151223262277254	0.155986166507815	0.122087853323786	0.155495687629805	0.128166029431442	0.154793638027283	0.144653558987825	0.136506431025732	0.141646588402745	0.145604036888544	0.16175601335507	0.161663021094219	0.109092135106686	0.104169143071124	0.116728738097743	0.112565252810061	0.108813057869522	0.0780814956704873	0.115294034500353	0.136869947609104	0.140022435222387	0.0674537063258836	0.0916900349466391	0.0823674483980024	0.0609854613085861	0.0832012045753536	0.0945287250291627	0.105522777743933	0.0771419737383383	0.126154261415469	0.0902115012752921	0.108124139747765
DD	0.130188373686374	0.149387841518125	0.146750728426193	0.159870802080608	0.153359948594489	0.17109310579731	0.194296192003089	0.117862791451757	0.192387572499734	0.0770562868858178	0.0892497322347441	0.0945366523557378	0.107663606028589	0.0868068034423011	0.0513288298798782	0.0850875992164326	0.0977964621724072	0.142983771904915	0.134233655868854	0.0774002548167871	0.109215808396828	0.0697299872071166	0.0856085843580908	0.100880552253872	0.0877536947708473	0.0889207232305901	0.086957278666684	0.0453504710531249	0	0.160727331074595	0.124638902843728	0.135784625791279	0.115818569556262	0.144014133142949	0.118313460077076	0.13879260419245	0.134447321228818	0.135557783968703	0.128940972780039	0.131018297504646	0.149639923477511	0.150452882900584	0.102233379515383	0.0996011109640738	0.1126460287449	0.112924566900264	0.0943233546331851	0.0675781807952393	0.101592126392948	0.127186593306151	0.139033327492045	0.060068726204555	0.077534578399538	0.0737993584325654	0.0416770193779147	0.072211059309178	0.0788975718402351	0.0911920366431541	0.0745913463275081	0.111756226968236	0.0681436748601732	0.0971079140501286
ASTUR_7	0.2109925514509	0.212315682658588	0.214884233064108	0.229159915636462	0.101654645545978	0.116020449698149	0.164196878721804	0.100376477120491	0.168504152088471	0.117603605321592	0.119198863528505	0.146150810887101	0.159838289793902	0.170322748037016	0.146393327992292	0.138402018356722	0.230338780832835	0.274664307953751	0.268924733915557	0.207910247217522	0.212276103301342	0.196915704882967	0.199335467242833	0.219912318175158	0.223789731631571	0.17845653684129	0.216096931831876	0.176580234109827	0.160727331074595	0	0.109201686720676	0.0672147666829362	0.159702694895636	0.136141441192394	0.142457846555919	0.115292298010073	0.181138450306902	0.20035275771339	0.15922325042805	0.119932962560093	0.193491252289424	0.120514327498629	0.131986559300948	0.141008432138649	0.127448205711482	0.141331807775175	0.111895397727298	0.141951552884616	0.13147993890974	0.188751599282204	0.20662894273786	0.149836718635601	0.12455632068161	0.161794296510554	0.1527613429308	0.133380614245017	0.170916647832844	0.129362509294062	0.140288454830062	0.144012376031809	0.135722438148913	0.126846518442312
ASTUR_8	0.181531207947328	0.181484416682785	0.180537149385859	0.194587999323291	0.0978205749986822	0.0779542660138033	0.102012873706755	0.0606420624617847	0.101102248491099	0.10882439940854	0.0890040628148104	0.151976233327875	0.158671924931611	0.167262960687361	0.11210014441734	0.136048175995125	0.184765602646768	0.229147916326611	0.23324168202475	0.165647764519408	0.146277946823921	0.153287672822417	0.143673621438065	0.163386914246655	0.187215584923314	0.115043408566525	0.167943638375397	0.151223262277254	0.124638902843728	0.109201686720676	0	0.0658695463553246	0.137949105448397	0.146198756888577	0.134128709783346	0.123393628269414	0.146723301822847	0.173120936929227	0.133900744693963	0.116385149952969	0.162036040264572	0.134318866648708	0.133080719390696	0.147037159160065	0.148019104721692	0.152230444354643	0.116668231657401	0.128951150761012	0.132292703739048	0.167416096590454	0.190933292134039	0.134544172789823	0.118908795390926	0.149481627049963	0.116440190680701	0.126210511024027	0.110423053215826	0.120279011712426	0.134683433168114	0.136673548982271	0.0871847878757118	0.130470792782962
ASTUR_9	0.191182143089303	0.19309796572714	0.19501018502833	0.209270724628242	0.0760901705153896	0.0811149792565304	0.130181053432869	0.0603861785094088	0.133853151155812	0.0950917059704402	0.0837059769092146	0.134857401027685	0.149226870613339	0.157858191128113	0.118681971816878	0.123101361636204	0.208685708147878	0.25473964712364	0.252079207170985	0.185518832037051	0.183084535788903	0.174139214604101	0.17293738516683	0.192766881373586	0.204639809380009	0.146314627380329	0.191561689483314	0.155986166507815	0.135784625791279	0.0672147666829362	0.0658695463553246	0	0.139431335644339	0.124673270887894	0.125229400190133	0.0974819015836784	0.158358754757949	0.179858060605992	0.138370707897907	0.102461314247274	0.174483035390409	0.111478779554462	0.114900161305386	0.12877284593021	0.119464035803115	0.127804837499574	0.0912388309971635	0.121983847249892	0.114767854065573	0.171255428125416	0.191329241284719	0.128365399891645	0.102926016564726	0.144012131319856	0.124862594383247	0.113383167723354	0.138044720028237	0.108965535428053	0.121277045557825	0.126705118128744	0.0991725218119675	0.11045404898356
J1	0.174486345850664	0.189183059690852	0.186590138969998	0.197742345689388	0.157604226650516	0.171210523024041	0.193038843350256	0.128772351583701	0.192437996649539	0.112356261381912	0.119104376005688	0.130588049552566	0.15360539881937	0.136471113820209	0.111245763869621	0.126350705198503	0.157574550381836	0.194822060522603	0.189080187992938	0.14274295832314	0.154676648758395	0.13166135477172	0.138454231028866	0.149747992651192	0.149528394941063	0.128162384509154	0.145999943537109	0.122087853323786	0.115818569556262	0.159702694895636	0.137949105448397	0.139431335644339	0	0.0956331211742533	0.0755406786896878	0.105560683563749	0.0724749461107878	0.0832343654076458	0.0569023477452465	0.074543034132736	0.0992948372839572	0.101536788722249	0.0846014380852287	0.136781625632685	0.139443763340551	0.141964024418384	0.125541322324068	0.113250997084689	0.123441344204762	0.133250321813496	0.147076622150027	0.117238640686261	0.120272811773778	0.134041526964945	0.111383677340111	0.113070555752552	0.123193749897332	0.110955038077649	0.119800128909188	0.114473002533785	0.110954640147349	0.11478276566257
J10	0.191940193064228	0.203292420166619	0.203796669336632	0.215455604729653	0.14157461459392	0.166607311856518	0.203805995074631	0.135390492461946	0.205863299359867	0.119667673991263	0.126184760883697	0.137006541844627	0.150347811612375	0.154188277581868	0.139047579567611	0.134921013366303	0.210687090670072	0.250998268694285	0.242243300206238	0.191126037767678	0.20656212882931	0.176931162266077	0.189391198001357	0.206645932852815	0.200077102369417	0.173275149471074	0.198027322082179	0.155495687629805	0.144014133142949	0.136141441192394	0.146198756888577	0.124673270887894	0.0956331211742533	0	0.0669572323510015	0.0536504187815614	0.133221541569025	0.115915479689692	0.0979896327884179	0.07564463573194	0.145811037352221	0.0563137751584273	0.0628076837123396	0.133586134529966	0.124060343624089	0.126484574382861	0.106153577306176	0.120203780577668	0.117597751148812	0.167456321274634	0.180142346541396	0.126296980871107	0.112961942626276	0.14145405435995	0.134289078277828	0.115406106795465	0.163352118949039	0.111859663573021	0.124672289612703	0.12348203879715	0.132987248730738	0.113223442827337
J11	0.163361203484305	0.177285895193409	0.176312716825073	0.186864518061688	0.139429366649048	0.15883489929771	0.18912879993621	0.11948259244672	0.189623273059067	0.10582049193032	0.112428253176782	0.136298889574861	0.154659492283669	0.141788476284893	0.116148110789367	0.134029553727531	0.177217672934955	0.21697526555249	0.210326975757294	0.155319570165012	0.170106710777983	0.140369501254409	0.15437516620191	0.17109112047215	0.169253520521557	0.139941323550862	0.165932281308869	0.128166029431442	0.118313460077076	0.142457846555919	0.134128709783346	0.125229400190133	0.0755406786896878	0.0669572323510015	0	0.0825873103785607	0.111548756880915	0.097202761479716	0.087533939946866	0.083222894697724	0.12535949725014	0.0672584206072842	0.0683175836301518	0.139066402902634	0.136119792021011	0.136799712408518	0.110480747925086	0.11503900333007	0.125126294344203	0.152927024479588	0.167164178949679	0.118968540363032	0.11475009768845	0.138175532468809	0.114630461589089	0.112751653386778	0.136691113323588	0.113386814025159	0.123264237463175	0.126035205426058	0.115470954291786	0.117102571512592
