A1	A2	A3	A4	ASTUR3	ASTUR4	ASTUR6	ASTUR_1	ASTUR2	ASTUR_5	HF_1	HF_2	HF_3	HF_4	HF_5	HF_6	D10	D11	D12	D13	D1	D3	D4	D6	D9	DA	D8	DC	DD	ASTUR_7	ASTUR_8	ASTUR_9	J1	J10	J11	J2	J3	J4	J5	J6	J7	J8	J9	S1	S2	S3	W13	W16	W10	W11	W12	W14	W15	W1	W2	W3	W4	W5	W6	W7	W8	W9
A1	0	0.00794446106869118	0.00575333140014489	0.0053740645144883	0.0555321192602534	0.0753253756720611	0.0909246926027598	0.036315503827709	0.0881697558833924	0.0241519507255539	0.0237407221305528	0.0426282296837801	0.0418114953360883	0.0452769895174178	0.0239274054699352	0.0365187267524346	0.058606980766915	0.0867018610239869	0.0976525599802939	0.0376991384012799	0.0411317333776564	0.0266566200042858	0.0372617493505064	0.0469149085272146	0.0529849354740379	0.0277145627598018	0.039116640788868	0.0320525662024447	0.0235438178803493	0.0624971274045255	0.0414275855610909	0.0479136940453407	0.0282046517380028	0.0405523943450974	0.0256090112865698	0.0394812540063858	0.0307965852557255	0.0328559630380164	0.0291832126140897	0.03392484457248	0.0359225729325213	0.043987548959484	0.0260288326260218	0.0401117795622187	0.039214009850987	0.036018691783143	0.0284986001216383	0.0319108961689918	0.0318741920679754	0.0397927807370084	0.0469779629080016	0.0304245949331012	0.0278234759007066	0.0391712466732621	0.020752467246501	0.0309284636096552	0.0249772778301083	0.0302131153051962	0.0345098187808693	0.0328806254838681	0.0235088583159599	0.0291592990136247
A2	0.00794446106869118	0	0.000640936392818703	0.00161196489045146	0.0600027677950158	0.076506629863992	0.0925375112157248	0.0418479869471786	0.0900319274090263	0.0313079478249958	0.031376906968987	0.0475472449672125	0.0415832164891444	0.0509718304982503	0.028442075725196	0.0397966519801783	0.062597290933184	0.0895797296175057	0.0995695932852942	0.0436688176767396	0.0410150700519848	0.0344329806421438	0.039975946675374	0.0514644024104275	0.0583503627318498	0.0330662762531529	0.0462945638234382	0.0393031469787247	0.0279816813107424	0.0676731623210838	0.0407296040999957	0.0509376570149893	0.0356770932727967	0.0496332951434703	0.0350913602181945	0.0452414576897504	0.0375461145841056	0.046448324100744	0.0329436724479384	0.0407912127288339	0.0374688940731631	0.0519090355549522	0.0351663988574832	0.0460633109982495	0.0456315613437147	0.0451032959883031	0.0344794685603677	0.0351967180811155	0.0350299405089189	0.0393932604956946	0.0510632144242739	0.0363248777360125	0.0310251365912403	0.0412265335784681	0.0275840202453234	0.0344350393902528	0.034120484404305	0.0315327492195039	0.0400888757937152	0.0334623694756327	0.0300144834001916	0.034584111789593
A3	0.00575333140014489	0.000640936392818703	0	0.000856350344865531	0.06087700851994	0.0768886445173391	0.0916515893161549	0.0419236295277248	0.0888348899027791	0.0319178943949834	0.0314861422370818	0.0491444437171588	0.0434277326863221	0.0526046194321532	0.0288260401422606	0.0414893864648588	0.0619215542852345	0.0884869013375393	0.0996136565761829	0.0429441568918651	0.040238513964429	0.0326314108927396	0.0391819328841543	0.0505469112637366	0.0572240919102489	0.0316424139718235	0.0449288351784956	0.0393756517255131	0.0277311301353735	0.068829063714593	0.0405852277119271	0.0518551043649677	0.0346239484582878	0.0494280926878244	0.0340577383162028	0.0458360605776212	0.0357125710386164	0.0440254316442396	0.0321052654170522	0.0404973969533108	0.0359996600796794	0.0522044736557457	0.0352248574075096	0.0473771847216441	0.0473681456321448	0.0465066227124258	0.035686314092632	0.0362881110930575	0.0360466763278526	0.0394892052935506	0.0512765563926296	0.0369514942249771	0.0323208469126073	0.042413623424045	0.0269365250304942	0.0354711939542011	0.0325355183514386	0.0325667995410059	0.0414835119732118	0.0345964315316656	0.029610725749737	0.0355295266536665
A4	0.0053740645144883	0.00161196489045146	0.000856350344865531	0	0.0595071235623389	0.0755419143288231	0.0908918356176858	0.0426904738983038	0.088226495454643	0.0336991879633156	0.0328637700095473	0.0535660582482076	0.0482288038235053	0.0568693164764866	0.0314670967159867	0.0453503033014998	0.0663106337125176	0.0944239635500517	0.105342508879224	0.0460550174519855	0.0440653689433113	0.035093275977071	0.0427560990002721	0.0542272630288615	0.0618812774181345	0.0339178076941168	0.0482111443507927	0.0424834348027314	0.0307801741734508	0.0698669692430544	0.041997931811441	0.0525467894541862	0.0370486723144837	0.0497416466449971	0.0342404597834396	0.0456615661595278	0.0391333978104836	0.0457378438694769	0.0347190472455663	0.0420411906604881	0.0391469324009731	0.0519911999842084	0.0368082284300171	0.0515036056104838	0.0509713088916535	0.0491741252786425	0.036822734867608	0.0399592659977188	0.0395099599995474	0.0439740382183745	0.0555149435850949	0.0403603017038775	0.0352498558138099	0.0468771787181855	0.0294490161483539	0.0387685732907158	0.034253978371099	0.0363853733792909	0.0441938954132953	0.0382935868932467	0.0309077968881505	0.0383502482412693
ASTUR3	0.0555321192602534	0.0600027677950158	0.06087700851994	0.0595071235623389	0	0.00860820053258415	0.0234105852788549	0.00938953852137459	0.0252213344496307	0.0367918214558492	0.0232816317620089	0.0780574801489112	0.0855859726720112	0.0982682242076706	0.0563580546010203	0.0671948283551131	0.144036714254384	0.196006331387291	0.20786714606077	0.108649656795413	0.0976697982882981	0.0920789948210364	0.0955715003116206	0.114359599972056	0.139352318361666	0.06526113945199	0.107309179415365	0.0892634332265935	0.0705181191182203	0.00930590682349175	0.0172693004948852	0.00554374332851271	0.0514162737178334	0.0251208569497219	0.0262287982472894	0.0138373246183456	0.0638315554556028	0.0719684138273771	0.0498994803484085	0.0218838931897943	0.073303688790428	0.0139311725476324	0.0355650632112756	0.0692778149410151	0.0551267927419749	0.051835263567712	0.0264312422440288	0.0680203412289225	0.0537638087445247	0.0964050474087257	0.111766883438014	0.0693993085801279	0.04765936986569	0.09023003111577	0.0580212236237353	0.063004674888818	0.053149183699951	0.0561905708057407	0.0652011794556041	0.0613953222927602	0.0347487730090256	0.0453676129004369
ASTUR4	0.0753253756720611	0.076506629863992	0.0768886445173391	0.0755419143288231	0.00860820053258415	0	0.00869774609166751	0.0141576254922797	0.00960771497123525	0.0593383788123721	0.0375153466962821	0.107247672272925	0.116727656587416	0.131070790713537	0.0751578780983537	0.0931799648275804	0.167473958911188	0.222544840150053	0.238824636761759	0.131382583025538	0.109750313180869	0.114021862129767	0.110336642470441	0.131485320639288	0.165357845019114	0.0753569272566111	0.127478209139406	0.116123525404192	0.0925630901784875	0.0150560422913879	0.0151001367712853	0.0100265464312883	0.0679049913218144	0.0421060858902209	0.0417358184403152	0.0283908155050904	0.079069446624194	0.0902140642298581	0.0645376745031182	0.0357240550033904	0.0875446360581282	0.0259002264846769	0.0575349511001421	0.0992267249152533	0.0848022901086277	0.0795734890247954	0.0490727758681105	0.0934681748037385	0.0799430219809071	0.12119116208583	0.141750284862806	0.0953001371810703	0.070921472175968	0.120029367566982	0.0780504413086966	0.0887386773292094	0.0654151285899349	0.0789481199360299	0.091902850334413	0.0860584358902365	0.0477391811129222	0.070549988895098
ASTUR6	0.0909246926027598	0.0925375112157248	0.0916515893161549	0.0908918356176858	0.0234105852788549	0.00869774609166751	0	0.0267001769035999	0.00024505225845739	0.0845043465756516	0.0542035041809704	0.127925957018989	0.145623590431481	0.154308291456993	0.0929150263993502	0.11656915194898	0.17861145264318	0.232578992481544	0.252274316768807	0.145876284211781	0.115652201037167	0.128252894365031	0.119384882290894	0.138819383564581	0.179527075038416	0.0835754930929549	0.137273096396909	0.135432956119367	0.109533315103712	0.0333878476260429	0.021223011903072	0.0256342504698915	0.0833171879727689	0.06710877009649	0.063057036054071	0.0526882958271855	0.091890210576696	0.102810020447927	0.0810450361223638	0.0541171457731431	0.105186905257165	0.0473374022388091	0.082679666608919	0.125021361562139	0.111944495577791	0.106163926157779	0.0744621600353614	0.115281041886887	0.106458721335924	0.144700782781564	0.165771110481707	0.116564495834392	0.094116180852701	0.144136934949353	0.0958644129256229	0.113064526401823	0.0734667120861265	0.101525043581251	0.115281815977808	0.113042376126887	0.0606080039260835	0.0963091247163034
ASTUR_1	0.036315503827709	0.0418479869471786	0.0419236295277248	0.0426904738983038	0.00938953852137459	0.0141576254922797	0.0267001769035999	0	0.0260799753985158	0.0184923400561817	0.00742192609009995	0.0514384310652561	0.0578791951666399	0.0661882972211945	0.0297703561155626	0.0414848109874745	0.0982983499416845	0.142118710177078	0.15452832884685	0.0685662087893311	0.0592799389373472	0.0555719887085425	0.0576631589310644	0.0729758736264954	0.0942439049431397	0.0339770090565499	0.0672739697946818	0.0554890713229594	0.0401880152273253	0.0111905322670761	0.00601680233945245	0.00336789224502854	0.0269545720304721	0.0183516150986951	0.0135805686321295	0.0114287059718597	0.0347532045072904	0.0433428764301472	0.0264547520380325	0.0105685684495418	0.0448904854046093	0.0104896212107587	0.0190862195308662	0.0446899034720157	0.0362473572402794	0.0331244368254371	0.0153769587332196	0.0409182652123673	0.0333562114751217	0.0632430961357042	0.0763601796772434	0.0416349727825277	0.0269250532037544	0.0595146093290215	0.0307746059689319	0.0382851261182511	0.0256552068085321	0.0326365152387568	0.0407155333104269	0.0379264067728513	0.014465229960212	0.0268503748857449
ASTUR2	0.0881697558833924	0.0900319274090263	0.0888348899027791	0.088226495454643	0.0252213344496307	0.00960771497123525	0.00024505225845739	0.0260799753985158	0	0.0832035089481743	0.0529311750246314	0.126024237064363	0.143395665755029	0.151684119592531	0.0903331976632855	0.114624331538628	0.173191517734405	0.226183183293587	0.246295041517184	0.141257493195928	0.110797277634324	0.12390376275195	0.114800448748732	0.133863685155827	0.174410473723673	0.0797062406547525	0.132686058574787	0.131962736813631	0.106286455687855	0.0347371721943303	0.0199049437441188	0.0260772177436757	0.0810056132779935	0.0668979770708481	0.0619179573107295	0.0529762343918395	0.0888705925371146	0.0993704864182821	0.0787064713737428	0.0534766413012218	0.102172277972659	0.0476005850019389	0.0814300035015312	0.123277059913761	0.111068126341961	0.105214013732134	0.0740362708940621	0.112817260330756	0.105031087184048	0.14145487448932	0.162396881266788	0.114020013673145	0.0924972404108751	0.141296324896249	0.0929220465007092	0.110904056471689	0.0701241807974722	0.0995726045604207	0.11326655132382	0.11118881319796	0.0584209394476067	0.0951527726760053
ASTUR_5	0.0241519507255539	0.0313079478249958	0.0319178943949834	0.0336991879633156	0.0367918214558492	0.0593383788123721	0.0845043465756516	0.0184923400561817	0.0832035089481743	0	0.00569238493660473	0.0168639749177363	0.0155442605587492	0.0213975566607695	0.00887265118223302	0.0103848074897717	0.0538678605471714	0.0856914983050235	0.090532799626697	0.030931013194036	0.037776715505815	0.0233031145087121	0.0325293836619768	0.0424045126701521	0.0467965168038136	0.0225118292849987	0.0343259648920629	0.0180418647443124	0.0120922185872893	0.0354601725733186	0.0291279224595546	0.0253212927043107	0.0126978477739024	0.0180236087196204	0.011070556453162	0.0177819458707502	0.0179040498619811	0.0255891858347512	0.0136845799094584	0.0113251196838757	0.0250763653984691	0.0210324532316628	0.00358007850458397	0.0102474215789757	0.00741601443670847	0.00748479060361062	0.00343374942765173	0.00964762674144681	0.00575622022973588	0.0240785283496612	0.029604517280611	0.00983085959315588	0.00431626767765458	0.0175149624813258	0.00774647277649154	0.00749932455336877	0.0159039531169504	0.00743273695823965	0.0096980250633979	0.00834029959167282	0.00898394582290918	0.00336378941449933
HF_1	0.0237407221305528	0.031376906968987	0.0314861422370818	0.0328637700095473	0.0232816317620089	0.0375153466962821	0.0542035041809704	0.00742192609009995	0.0529311750246314	0.00569238493660473	0	0.0236415368292568	0.0295990762536403	0.0330871079524175	0.0106419303105407	0.0170763944177436	0.0612433082048229	0.0983197634114847	0.105900903635584	0.0379825747470371	0.0365331236096654	0.0291684827905309	0.033044887853256	0.0438576910755866	0.0572611258065945	0.0175575445409565	0.0384753138645245	0.0264120801782599	0.0170818506660322	0.0243408262922061	0.0139674609464148	0.0137416372322593	0.0130434123071027	0.0163246143355231	0.0102549259119324	0.0129088257538313	0.019155627397388	0.0241150322421799	0.0140443967907242	0.00751242391043272	0.0297461934666492	0.0142317968283435	0.006370983576933	0.0190696964783513	0.0146573707806098	0.0123357456926811	0.00534168482351471	0.016339516777261	0.0136965203453149	0.0364149658415202	0.0440763849448998	0.016302877695162	0.00845811343403247	0.0285399321293264	0.0108924011257457	0.0149283038678848	0.0112776998838068	0.0126627258206786	0.0160400949049999	0.0175872324307258	0.00422757061113022	0.00954585676923703
HF_2	0.0426282296837801	0.0475472449672125	0.0491444437171588	0.0535660582482076	0.0780574801489112	0.107247672272925	0.127925957018989	0.0514384310652561	0.126024237064363	0.0168639749177363	0.0236415368292568	0	0.00934269801536547	0.0037399250331871	0.00835630003307419	0.00223123541083725	0.0253140048593046	0.0466130681594634	0.0462719085919239	0.0167680796894181	0.024884704647988	0.017420543149664	0.0188597565045788	0.0215324156035492	0.0223071147813684	0.0209247984942234	0.018055793779536	0.00796156711941409	0.0088617189715644	0.0724536638754331	0.0553208844248665	0.0607654748988847	0.0174604046128112	0.0477967969655305	0.0401503749075084	0.0509352198643911	0.0210399514760341	0.027245190962776	0.0215520039147105	0.0307915767923551	0.0319822496996762	0.0529904257827325	0.019594833664911	0.00466544010834524	0.00738641339698087	0.00867769767459536	0.0223249392827437	0.00359935023080826	0.010333897125269	0.0189567169900463	0.0172309186133683	0.00414128949478143	0.00745053681929719	0.00513378017880139	0.0098011516977401	0.00463651636845697	0.0190223354830573	0.00743792928826903	0.00345071945243314	0.0120934974640252	0.0188702464416777	0.0100223827657376
HF_3	0.0418114953360883	0.0415832164891444	0.0434277326863221	0.0482288038235053	0.0855859726720112	0.116727656587416	0.145623590431481	0.0578791951666399	0.143395665755029	0.0155442605587492	0.0295990762536403	0.00934269801536547	0	0.00930045882392261	0.0154782845552983	0.00608031866053638	0.0354334459102512	0.055525671118947	0.0545384106879814	0.0233001158904137	0.0348166645874106	0.0219440432686892	0.0296627950238337	0.0350636437473366	0.0284014121754179	0.0318914066034703	0.0292045527548133	0.0133701351599262	0.0119746517046176	0.0789542299173541	0.062981416744488	0.0657995237259008	0.024690523731833	0.0467498038843144	0.040450720431138	0.0498153789510001	0.0251754419045983	0.0362323492298722	0.0237648427535954	0.0357543995973313	0.0290532920880061	0.0581244260210407	0.0196034772936032	0.00448090739409601	0.00864486398162922	0.0125575083255351	0.0215405185323251	0.00590766001761922	0.00602627406491607	0.01150546320565	0.0140993323487569	0.00768372371032722	0.00871964203746822	0.00384820104399342	0.0134721092268165	0.00540608080247396	0.0304257959480781	0.00676264201874921	0.0091805834769968	0.00459307216935156	0.0278406169583322	0.00946359046148981
HF_4	0.0452769895174178	0.0509718304982503	0.0526046194321532	0.0568693164764866	0.0982682242076706	0.131070790713537	0.154308291456993	0.0661882972211945	0.151684119592531	0.0213975566607695	0.0330871079524175	0.0037399250331871	0.00930045882392261	0	0.01119838867665	0.00570378457752629	0.017428499862449	0.0338685200373094	0.0320594329275286	0.0111427660402352	0.0240414773316761	0.0135706899445409	0.0178770677728521	0.0183776416732768	0.014661844673943	0.0250415672472845	0.0151012654065201	0.00449803402129989	0.00920380213184646	0.0934341015552838	0.0729382969413677	0.0796630681557254	0.0243341167534228	0.0611322696736695	0.048964873044204	0.0660220315402424	0.0260494259586094	0.0308693263415459	0.0289880333960241	0.0452038634790854	0.0357294070775039	0.0687572444865836	0.0267982155816211	0.00790966809992733	0.0129538708023932	0.0151607006527043	0.0312127046873901	0.0054793520883466	0.0153379652505449	0.0172080163376761	0.012570889416855	0.00568448489902595	0.0131297758890402	0.00385830192694903	0.012579248179721	0.00728506113705862	0.0245460606248205	0.0123527108665175	0.00591695195360986	0.0157277296400453	0.0273378205244924	0.0164068696308487
HF_5	0.0239274054699352	0.028442075725196	0.0288260401422606	0.0314670967159867	0.0563580546010203	0.0751578780983537	0.0929150263993502	0.0297703561155626	0.0903331976632855	0.00887265118223302	0.0106419303105407	0.00835630003307419	0.0154782845552983	0.01119838867665	0	0.00542577750656437	0.0240475180926855	0.048830152655766	0.0540722137301409	0.0112946198661805	0.0133635182113336	0.00888714690802184	0.00939290876952581	0.0150902625503616	0.0218721928698041	0.0062902773867245	0.0120225121589421	0.0059487172504824	0.00246413187448846	0.0558576245044522	0.0320024762964319	0.0412324376099598	0.00949484262179401	0.0356698705557972	0.0233139365657704	0.0364738775888502	0.0122768938024547	0.018076004090994	0.0119738956019554	0.0207562980224018	0.0203965782798216	0.0373974821074842	0.0126206586052816	0.0111380830686364	0.0126411272305562	0.0112841009707062	0.0155730447333362	0.00395266357240587	0.0105353196047199	0.0173626814186741	0.0203016819896413	0.00369697092062371	0.00506285605415324	0.00970440692456076	0.00191990700643163	0.00465882487055713	0.00586688092829335	0.00620099832813226	0.00457566621066019	0.0112750000196238	0.00581206282691527	0.00875120016793762
HF_6	0.0365187267524346	0.0397966519801783	0.0414893864648588	0.0453503033014998	0.0671948283551131	0.0931799648275804	0.11656915194898	0.0414848109874745	0.114624331538628	0.0103848074897717	0.0170763944177436	0.00223123541083725	0.00608031866053638	0.00570378457752629	0.00542577750656437	0	0.0288813194875531	0.0526481935340951	0.0538766371836132	0.0174413543521201	0.0247997042543791	0.0165420179696836	0.0189101132540705	0.0236194424373376	0.0249535732599608	0.0182812937471957	0.0191706326695816	0.00814127101974971	0.00674277664008749	0.0621347359715925	0.0458061825532261	0.0499242359696477	0.0146419586938624	0.0384755970964793	0.0320734424020075	0.0402030734574993	0.0190301673829747	0.0256738789842529	0.0173697017558798	0.0243963562751153	0.0278358541628175	0.0437387578235394	0.0133148270051797	0.00263095675087266	0.0045938656287019	0.00556521459313597	0.0150482575896678	0.00183704000343732	0.00569730319147321	0.01673918391687	0.0176826422030544	0.00250412743126505	0.00352397251015402	0.00444341277116689	0.00657095898068738	0.00213880823172097	0.0160379050517534	0.00397864312805063	0.00179175967227041	0.00675711897010189	0.0137751131947985	0.00563343979360265
D10	0.058606980766915	0.062597290933184	0.0619215542852345	0.0663106337125176	0.144036714254384	0.167473958911188	0.17861145264318	0.0982983499416845	0.173191517734405	0.0538678605471714	0.0612433082048229	0.0253140048593046	0.0354334459102512	0.017428499862449	0.0240475180926855	0.0288813194875531	0	0.00635839423900753	0.00832018170543813	0.0046768083497194	0.010312134420029	0.0114830035539137	0.00763245304915283	0.00349830255989314	0.00221969354301832	0.0217725963233014	0.00580708383843676	0.0115437399202478	0.0172367781181597	0.142302849870017	0.093984375030304	0.120406708869373	0.0406982615367357	0.103292192636811	0.0801502911886776	0.110454255716663	0.0357333118177908	0.0391520137380778	0.0453892213880174	0.0789580996979858	0.04388428505933	0.110374021865902	0.0603624534177092	0.0381142091953937	0.0498742424822362	0.0504488871776764	0.0704844773513597	0.0241042196569388	0.046607017672691	0.0278593301241411	0.0227380034127003	0.023307432267538	0.0400004819716433	0.0202638324017099	0.0256921407993151	0.0295511501962742	0.0297276684257067	0.036506073915206	0.0274337856039484	0.0426986797015108	0.0434589641558313	0.0488746819519733
D11	0.0867018610239869	0.0895797296175057	0.0884869013375393	0.0944239635500517	0.196006331387291	0.222544840150053	0.232578992481544	0.142118710177078	0.226183183293587	0.0856914983050235	0.0983197634114847	0.0466130681594634	0.055525671118947	0.0338685200373094	0.048830152655766	0.0526481935340951	0.00635839423900753	0	0.00393749752167005	0.0178171848641521	0.0248283043516927	0.0275837542595887	0.02268824261701	0.0156729272032446	0.00812621388246748	0.0456525300677649	0.0189930724711007	0.0287918742173364	0.0380738165350254	0.192443054792661	0.136254989781	0.168530055246932	0.0686262075290083	0.145809432648008	0.118173070978789	0.156497423955199	0.0596200894120738	0.0650959282768031	0.0741582547214364	0.117897995406028	0.0663768479814089	0.156502042992273	0.0949130482607062	0.0627561897844705	0.0791088382485594	0.0806849770449575	0.108022061969593	0.0472734329059392	0.0749258134646057	0.0437035198448928	0.0362225531313514	0.0462151106559628	0.0690127195942649	0.0383876381815943	0.050588774875494	0.0541804360806052	0.057311822933404	0.0630007620801344	0.0524307038537263	0.0683856915134607	0.0762334487201276	0.0786666467370889
D12	0.0976525599802939	0.0995695932852942	0.0996136565761829	0.105342508879224	0.20786714606077	0.238824636761759	0.252274316768807	0.15452832884685	0.246295041517184	0.090532799626697	0.105900903635584	0.0462719085919239	0.0545384106879814	0.0320594329275286	0.0540722137301409	0.0538766371836132	0.00832018170543813	0.00393749752167005	0	0.0205929485955987	0.0330827386456424	0.0327382810123562	0.0297936815377811	0.0206136537525945	0.0104867670483577	0.0543186971205266	0.0237447591634675	0.0304257709501594	0.0423104794409042	0.203460626832422	0.149704722895109	0.180024163315815	0.0752850633698685	0.154050061257073	0.127201956815468	0.164842203641824	0.0662055857023509	0.0722469812601511	0.0805997058583473	0.126293147360456	0.0724549163561141	0.16573691985912	0.099911708599172	0.0627922119052327	0.0794569582282513	0.0824804032381	0.112504815515345	0.048786052424957	0.0768080910109451	0.0452096103805153	0.0354099288407634	0.0481652145332602	0.0718990634230436	0.0379634904967172	0.0561132414880376	0.0558106314582959	0.0660443479261689	0.0655657376640645	0.053435524185432	0.0703470439590745	0.0844178567526357	0.0818658664186288
D13	0.0376991384012799	0.0436688176767396	0.0429441568918651	0.0460550174519855	0.108649656795413	0.131382583025538	0.145876284211781	0.0685662087893311	0.141257493195928	0.030931013194036	0.0379825747470371	0.0167680796894181	0.0233001158904137	0.0111427660402352	0.0112946198661805	0.0174413543521201	0.0046768083497194	0.0178171848641521	0.0205929485955987	0	0.00760615981340806	0.00302500594359378	0.00445748407674817	0.00392065141457054	0.00412808636645945	0.0117722491025302	0.00270960728195258	0.00319315276763266	0.00602320752403374	0.107698840116976	0.0686354749454693	0.088013211814103	0.0245408596581366	0.0729545332600815	0.0519928728986638	0.0785928347660589	0.0213888784050937	0.0255030070779124	0.028346485448094	0.0536801417123176	0.0289782585190027	0.0790622965767283	0.0371960049849858	0.0243549133899442	0.0326713413623876	0.0323682302192211	0.0450138585805638	0.0125920004564587	0.0291200312952052	0.0178012922305689	0.0158341725734227	0.0116145252065952	0.0229783006408704	0.0120593645629634	0.0115200150687591	0.0162000437215717	0.0160744325405444	0.0218262566067577	0.0153182399164734	0.0264024158352404	0.0252884517283559	0.0295614773294877
D1	0.0411317333776564	0.0410150700519848	0.040238513964429	0.0440653689433113	0.0976697982882981	0.109750313180869	0.115652201037167	0.0592799389373472	0.110797277634324	0.037776715505815	0.0365331236096654	0.024884704647988	0.0348166645874106	0.0240414773316761	0.0133635182113336	0.0247997042543791	0.010312134420029	0.0248283043516927	0.0330827386456424	0.00760615981340806	0	0.0100729825531785	0.00136479226796837	0.00395422058079853	0.0129294169102774	0.00628883919069112	0.00759294959314571	0.0129363100173893	0.0107579096328221	0.0980749339935973	0.0511615345381082	0.0771797895245351	0.024856034242373	0.0743458770243494	0.0528452480978951	0.0769103398973315	0.0198433060442443	0.0277321331077787	0.025901185284291	0.0506698251894662	0.0272301407182263	0.0758443671110021	0.0431824452088444	0.0351902072455964	0.0426589238362894	0.0426613013276265	0.0500724065874814	0.018748683462892	0.0363211696543262	0.023905989549081	0.0268942697988567	0.0194388575794923	0.0277288536413179	0.0213547791792937	0.0150408344478398	0.0228247156487827	0.0127225577514692	0.0253183599799075	0.0234149436513239	0.0326372829229842	0.0222231771615112	0.0362839619084967
D3	0.0266566200042858	0.0344329806421438	0.0326314108927396	0.035093275977071	0.0920789948210364	0.114021862129767	0.128252894365031	0.0555719887085425	0.12390376275195	0.0233031145087121	0.0291684827905309	0.017420543149664	0.0219440432686892	0.0135706899445409	0.00888714690802184	0.0165420179696836	0.0114830035539137	0.0275837542595887	0.0327382810123562	0.00302500594359378	0.0100729825531785	0	0.00673941292169655	0.00803574995217937	0.00875180990520785	0.00961364154386901	0.00446635460782285	0.00427838298835914	0.00407552808544642	0.0920725496905674	0.0567170708298361	0.0737299266673714	0.0185752703550729	0.0591759316830858	0.0393997032922454	0.0643630922445919	0.016353275503468	0.0204913362399148	0.0219022407613186	0.0425850044133165	0.0233710737661967	0.0651046807284986	0.0284710639616635	0.0214070489273658	0.0284144032305442	0.0278289484073049	0.0357469717967263	0.0115371073956647	0.0238025122694161	0.0169038752219258	0.017372772337564	0.0103008534051372	0.0187448892749171	0.0129559340380868	0.00775597046206111	0.0142291586439909	0.0120613070956043	0.0180702587178244	0.0147728284191011	0.0222280605312418	0.0192918999515125	0.0236963454808259
D4	0.0372617493505064	0.039975946675374	0.0391819328841543	0.0427560990002721	0.0955715003116206	0.110336642470441	0.119384882290894	0.0576631589310644	0.114800448748732	0.0325293836619768	0.033044887853256	0.0188597565045788	0.0296627950238337	0.0178770677728521	0.00939290876952581	0.0189101132540705	0.00763245304915283	0.02268824261701	0.0297936815377811	0.00445748407674817	0.00136479226796837	0.00673941292169655	0	0.00221952282923665	0.00899409918792227	0.00509832995213755	0.00376073438958724	0.00822090508404905	0.00729652088196353	0.0943952042971178	0.0521005500227867	0.075088475235715	0.0208115453053714	0.068847144868351	0.0486878272532918	0.0724623232118253	0.0179718389500171	0.0240125574180403	0.0235218718356797	0.0465229582994582	0.0258244677711169	0.0711132687705934	0.0372557288196236	0.0288523794033718	0.0357388058277868	0.0350245974627907	0.0446869397634005	0.0142343573324986	0.0307899747596891	0.0211329079611726	0.02251317246766	0.0140698153457379	0.0229656715179788	0.016633188944234	0.0109198282891999	0.01806054666572	0.0105291755684569	0.0210833534479145	0.017585885216525	0.0282617471802363	0.0193099100107856	0.0304560766393229
D6	0.0469149085272146	0.0514644024104275	0.0505469112637366	0.0542272630288615	0.114359599972056	0.131485320639288	0.138819383564581	0.0729758736264954	0.133863685155827	0.0424045126701521	0.0438576910755866	0.0215324156035492	0.0350636437473366	0.0183776416732768	0.0150902625503616	0.0236194424373376	0.00349830255989314	0.0156729272032446	0.0206136537525945	0.00392065141457054	0.00395422058079853	0.00803574995217937	0.00221952282923665	0	0.00625576961147889	0.00957184110129528	0.00281457891718029	0.0097131959120319	0.0116257437247588	0.114216124511476	0.0673385615887788	0.0930673946956676	0.0284492733051496	0.0847686432613299	0.0629130065017853	0.0894221192468354	0.0248150186710605	0.0295368623107178	0.0330139036346365	0.0599965871922978	0.0347554499339709	0.0877754295565231	0.0482254063963053	0.0340152391384805	0.0430662183946293	0.0421232104445323	0.0566165446642193	0.0193495395471686	0.0397857886556456	0.0270561653782972	0.0250142388225222	0.0185960283973611	0.0311919006231629	0.0202203311939694	0.0173997592272254	0.0243056819754401	0.0160857584105788	0.0293786128945704	0.0218579000921096	0.0369845790492481	0.0276765084253212	0.0397836130137429
D9	0.0529849354740379	0.0583503627318498	0.0572240919102489	0.0618812774181345	0.139352318361666	0.165357845019114	0.179527075038416	0.0942439049431397	0.174410473723673	0.0467965168038136	0.0572611258065945	0.0223071147813684	0.0284014121754179	0.014661844673943	0.0218721928698041	0.0249535732599608	0.00221969354301832	0.00812621388246748	0.0104867670483577	0.00412808636645945	0.0129294169102774	0.00875180990520785	0.00899409918792227	0.00625576961147889	0	0.0222687718785971	0.00462436802966648	0.0088861107963123	0.0136591016874624	0.135945328169915	0.0924588213903417	0.115348476789147	0.0361589256253264	0.0946813838444436	0.0724722473453421	0.103297372191462	0.0306884356948223	0.0363043472727258	0.0404957626702425	0.0725861125205405	0.0370120492699153	0.103930984137033	0.0530924114722865	0.0319558225097349	0.0430932186932574	0.0444650432885124	0.0634481132566852	0.0202718438058764	0.0390037798430064	0.020535854162324	0.0169538149995704	0.0188320477907929	0.0348659843098541	0.0155969187532514	0.0214393921659204	0.025063976697872	0.0289570199631409	0.0310249579629693	0.024536718311075	0.0353395194024568	0.0411886372985524	0.0414888574754855
DA	0.0277145627598018	0.0330662762531529	0.0316424139718235	0.0339178076941168	0.06526113945199	0.0753569272566111	0.0835754930929549	0.0339770090565499	0.0797062406547525	0.0225118292849987	0.0175575445409565	0.0209247984942234	0.0318914066034703	0.0250415672472845	0.0062902773867245	0.0182812937471957	0.0217725963233014	0.0456525300677649	0.0543186971205266	0.0117722491025302	0.00628883919069112	0.00961364154386901	0.00509832995213755	0.00957184110129528	0.0222687718785971	0	0.009800249375435	0.0127258633586254	0.00730218274462568	0.0663076343497127	0.0291701391831398	0.0482961564609959	0.0124992890144914	0.0473759839761007	0.0310128332253105	0.0484953784148098	0.0118067035865413	0.0175320834020197	0.0141860321751719	0.0279992477477525	0.0205660795885341	0.0467812889905149	0.0248078605592398	0.0270545919867637	0.0304098051442429	0.0276633274668369	0.0303592690389611	0.0141465649983912	0.0251877885850814	0.0248749749390829	0.0298428506623195	0.013624119394738	0.0170195553849218	0.0216273757033892	0.00721997888846981	0.0165588478272941	0.00305691958632703	0.017103796431885	0.0163675139108767	0.0242462987082456	0.00771164527453849	0.0230298867899595
D8	0.039116640788868	0.0462945638234382	0.0449288351784956	0.0482111443507927	0.107309179415365	0.127478209139406	0.137273096396909	0.0672739697946818	0.132686058574787	0.0343259648920629	0.0384753138645245	0.018055793779536	0.0292045527548133	0.0151012654065201	0.0120225121589421	0.0191706326695816	0.00580708383843676	0.0189930724711007	0.0237447591634675	0.00270960728195258	0.00759294959314571	0.00446635460782285	0.00376073438958724	0.00281457891718029	0.00462436802966648	0.009800249375435	0	0.00639626782866898	0.00769487070655739	0.107048850756031	0.0650882563425595	0.0870430383062923	0.0234437910535517	0.0744649914956664	0.0541296677885895	0.0805181642933983	0.0209808377056501	0.0250901859789878	0.0287478432477631	0.0527521869450562	0.0300399731799498	0.0793025088516218	0.0396707514346034	0.0277110451246516	0.0356928507656125	0.034387414106746	0.0478944989863275	0.0153854908283351	0.0324188753234822	0.0222514419487859	0.0207483445641238	0.0133885633434403	0.025525599348422	0.0160886348379026	0.012290935376819	0.0198619129178612	0.0134042784430302	0.0242338843558286	0.0177105568441321	0.0308273980958181	0.0235672017026407	0.0322084972933573
DC	0.0320525662024447	0.0393031469787247	0.0393756517255131	0.0424834348027314	0.0892634332265935	0.116123525404192	0.135432956119367	0.0554890713229594	0.131962736813631	0.0180418647443124	0.0264120801782599	0.00796156711941409	0.0133701351599262	0.00449803402129989	0.0059487172504824	0.00814127101974971	0.0115437399202478	0.0287918742173364	0.0304257709501594	0.00319315276763266	0.0129363100173893	0.00427838298835914	0.00822090508404905	0.0097131959120319	0.0088861107963123	0.0127258633586254	0.00639626782866898	0	0.00257931602055317	0.0875510984707727	0.0602024700591689	0.0712186778120778	0.0177021307471802	0.0554438546332866	0.0389906225520785	0.0602360284090601	0.0175440410269413	0.0216239490712263	0.021614046636436	0.0398663310693486	0.0256876619032441	0.0616169819788676	0.0232771216210677	0.0124520140793463	0.0175901055192781	0.017863424810917	0.029036545836552	0.00497978405991606	0.0163257642241766	0.0136713772737619	0.011672475367243	0.00422594048808222	0.0119464197090602	0.0054225043107391	0.00590983702683623	0.00711744646021983	0.0138115553770721	0.0119828722178876	0.00646829272179605	0.0157992555382813	0.0185281258130932	0.016194382085937
DD	0.0235438178803493	0.0279816813107424	0.0277311301353735	0.0307801741734508	0.0705181191182203	0.0925630901784875	0.109533315103712	0.0401880152273253	0.106286455687855	0.0120922185872893	0.0170818506660322	0.0088617189715644	0.0119746517046176	0.00920380213184646	0.00246413187448846	0.00674277664008749	0.0172367781181597	0.0380738165350254	0.0423104794409042	0.00602320752403374	0.0107579096328221	0.00407552808544642	0.00729652088196353	0.0116257437247588	0.0136591016874624	0.00730218274462568	0.00769487070655739	0.00257931602055317	0	0.0698458317970695	0.0417857852299365	0.0535022570143366	0.0115373010359689	0.0427348490084162	0.0280942856263211	0.0456365488242546	0.0112500563015447	0.017895212899719	0.0133093595363217	0.0276868210272154	0.0179009771744614	0.0477290945059596	0.0163020170487107	0.0110498866625673	0.0149525911734049	0.015026279408128	0.0205927180150546	0.00332269598961776	0.0111098605388794	0.0115021842897919	0.0140788282614887	0.00292447341787527	0.00698136716360676	0.00607627953706191	0.00176201992472169	0.00477488730064191	0.00780412673061859	0.00694316992636479	0.00599941903156365	0.0105579546996918	0.0102246836801578	0.0108881707818742
ASTUR_7	0.0624971274045255	0.0676731623210838	0.068829063714593	0.0698669692430544	0.00930590682349175	0.0150560422913879	0.0333878476260429	0.0111905322670761	0.0347371721943303	0.0354601725733186	0.0243408262922061	0.0724536638754331	0.0789542299173541	0.0934341015552838	0.0558576245044522	0.0621347359715925	0.142302849870017	0.192443054792661	0.203460626832422	0.107698840116976	0.0980749339935973	0.0920725496905674	0.0943952042971178	0.114216124511476	0.135945328169915	0.0663076343497127	0.107048850756031	0.0875510984707727	0.0698458317970695	0	0.0184573664340921	0.00468985894363683	0.0463723584586219	0.0214801090830464	0.0241560805958212	0.0144392539876637	0.0585989518796848	0.069183860762024	0.0451410093357558	0.0181783315848885	0.0669733727939541	0.0112060873987906	0.0322716613404195	0.0626863774683115	0.0492416480537881	0.0480640317862082	0.0268753705034005	0.0646738192212295	0.0493391451408516	0.0898857152961887	0.105983022459958	0.0671101580191933	0.0454036150959435	0.0861992933880846	0.0574687382394983	0.0599662609945847	0.0557054405905425	0.0515090602539047	0.0637652508349852	0.0555700186120155	0.0377919897841912	0.0414825493723555
ASTUR_8	0.0414275855610909	0.0407296040999957	0.0405852277119271	0.041997931811441	0.0172693004948852	0.0151001367712853	0.021223011903072	0.00601680233945245	0.0199049437441188	0.0291279224595546	0.0139674609464148	0.0553208844248665	0.062981416744488	0.0729382969413677	0.0320024762964319	0.0458061825532261	0.093984375030304	0.136254989781	0.149704722895109	0.0686354749454693	0.0511615345381082	0.0567170708298361	0.0521005500227867	0.0673385615887788	0.0924588213903417	0.0291701391831398	0.0650882563425595	0.0602024700591689	0.0417857852299365	0.0184573664340921	0	0.00767711634650792	0.0285141376514096	0.0277555079322693	0.0221269806197241	0.0200549676929876	0.0333713274239497	0.0463959977002713	0.0253975970434427	0.0144160710804595	0.0409695706755689	0.019034277273926	0.0282667606794813	0.0519549735116182	0.0459091991406233	0.0426976506774384	0.0253043790736768	0.0442181526200478	0.0393166045213673	0.0630484346808484	0.0798476963349826	0.0458332761568357	0.0317647964079736	0.0627739746972316	0.0332122597704129	0.0426363731090366	0.0244139318318171	0.0348280368804718	0.0460306145891387	0.041493111277713	0.0156188363235655	0.0341388305485862
ASTUR_9	0.0479136940453407	0.0509376570149893	0.0518551043649677	0.0525467894541862	0.00554374332851271	0.0100265464312883	0.0256342504698915	0.00336789224502854	0.0260772177436757	0.0253212927043107	0.0137416372322593	0.0607654748988847	0.0657995237259008	0.0796630681557254	0.0412324376099598	0.0499242359696477	0.120406708869373	0.168530055246932	0.180024163315815	0.088013211814103	0.0771797895245351	0.0737299266673714	0.075088475235715	0.0930673946956676	0.115348476789147	0.0482961564609959	0.0870430383062923	0.0712186778120778	0.0535022570143366	0.00468985894363683	0.00767711634650792	0	0.035385486658305	0.0168621961078552	0.0171838734895312	0.00867735897374433	0.0452167410211999	0.055916272185497	0.0332665223320006	0.011421350190342	0.0535147890621351	0.00842764310194632	0.0233975746027123	0.0517893481584515	0.0405761626819862	0.0383629264898842	0.0178644150152981	0.0504843598419392	0.0380047029250491	0.0741520143057864	0.0898567757743878	0.0522051510263537	0.0330642725954369	0.0704939507086088	0.0419708239274025	0.0464497367708978	0.0386788191889823	0.0389041310611385	0.0498606624158271	0.0432757132759857	0.023133486032296	0.0313655646320486
J1	0.0282046517380028	0.0356770932727967	0.0346239484582878	0.0370486723144837	0.0514162737178334	0.0679049913218144	0.0833171879727689	0.0269545720304721	0.0810056132779935	0.0126978477739024	0.0130434123071027	0.0174604046128112	0.024690523731833	0.0243341167534228	0.00949484262179401	0.0146419586938624	0.0406982615367357	0.0686262075290083	0.0752850633698685	0.0245408596581366	0.024856034242373	0.0185752703550729	0.0208115453053714	0.0284492733051496	0.0361589256253264	0.0124992890144914	0.0234437910535517	0.0177021307471802	0.0115373010359689	0.0463723584586219	0.0285141376514096	0.035385486658305	0	0.0210411840800453	0.0123858668470044	0.0268676558663662	0.00445911182168801	0.00846977172242469	0.00231967408810319	0.0106417487214351	0.0107391384714947	0.0246557816185381	0.00958294433583329	0.0185102888474724	0.0180609316228485	0.0174498599629281	0.0175927562795511	0.0124743186305704	0.0138839149379464	0.0217754518008625	0.0276976353630413	0.0125600421108779	0.0112265819969318	0.0210514564861631	0.00858857013092929	0.0124452905080467	0.0106807256825442	0.0103572658434925	0.01467082468515	0.0141748327056049	0.00989144102653128	0.0118962178355285
J10	0.0405523943450974	0.0496332951434703	0.0494280926878244	0.0497416466449971	0.0251208569497219	0.0421060858902209	0.06710877009649	0.0183516150986951	0.0668979770708481	0.0180236087196204	0.0163246143355231	0.0477967969655305	0.0467498038843144	0.0611322696736695	0.0356698705557972	0.0384755970964793	0.103292192636811	0.145809432648008	0.154050061257073	0.0729545332600815	0.0743458770243494	0.0591759316830858	0.068847144868351	0.0847686432613299	0.0946813838444436	0.0473759839761007	0.0744649914956664	0.0554438546332866	0.0427348490084162	0.0214801090830464	0.0277555079322693	0.0168621961078552	0.0210411840800453	0	0.00549588052718442	0.0033115357991218	0.0333285150182544	0.0286781768142689	0.0201211289390322	0.00662899679416662	0.0384081187771967	0.00381961925991581	0.00861685027739645	0.0358596338733521	0.0270937827822942	0.0251416686911212	0.0119524941135511	0.0373112308899447	0.0249802501308687	0.0563850103269739	0.0671400189904429	0.0377975699842712	0.0240762454495779	0.0521566140564864	0.0324458201498203	0.033163960395038	0.0378047788388909	0.0283731349936839	0.0373876671310276	0.0293483970639462	0.0247324387432605	0.0204961187957924
