A1	A2	A3	A4	ASTUR3	ASTUR4	ASTUR6	ASTUR_1	ASTUR2	ASTUR_5	HF_1	HF_2	HF_3	HF_4	HF_5	HF_6	D10	D11	D12	D13	D1	D3	D4	D6	D9	DA	D8	DC	DD	ASTUR_7	ASTUR_8	ASTUR_9	J1	J10	J11	J2	J3	J4	J5	J6	J7	J8	J9	S1	S2	S3	W13	W16	W10	W11	W12	W14	W15	W1	W2	W3	W4	W5	W6	W7	W8	W9
A1	0	1.06727063153116	0.976630452803148	0.952362714650242	1.17282265779216	1.12741370464504	1.21432340177135	1.09987611108016	1.24953780853361	1.13191779379223	1.11439806458692	1.11064187510949	1.16513441204434	1.21119308214122	1.20381437298076	1.25582089767784	1.07933649903007	0.937110685572796	1.26334998728148	0.951875060946739	1.12333104654365	0.850225444805836	1.02735140954035	1.07052672206323	1.12199167073791	1.02441081311406	1.00555650806622	1.10338710784802	1.1445674895627	1.18948514885989	1.19373334136583	1.26957905962844	1.27562064491972	1.14859888023653	1.19254677830362	1.17425129226424	1.31643807111851	1.23521146666726	1.2888078262862	1.26113686714389	1.30381643957863	1.17379802501974	1.11493739194326	1.16339254049612	1.10759473982948	1.11162028900189	1.0592806745632	1.37008242067764	1.26525942593079	1.32455476082415	1.32809148650792	1.14415613251923	1.11486290049015	1.15476881577076	1.10847462973229	1.26298502430539	1.24308383968091	1.33059335127385	1.1839850076484	1.3132175155296	1.29791023180304	1.23967655165008
A2	1.06727063153116	0	0.797235169252497	0.823242206857494	1.10855349727138	1.16024226895611	1.22168587037342	1.10906143630716	1.24391892728414	1.14408882807461	1.1837743833237	1.13770465651423	1.1698533645784	1.22700832011346	1.21286125079946	1.26400681085761	1.17364718640194	1.22600442978133	1.28445389264703	1.18370198675691	1.21856432125457	1.24460904573654	1.1489010845213	1.22952513043338	1.16948755486697	1.20196352130991	1.13612036990181	1.13794398891494	1.18434744517846	1.18533504312847	1.1997892470993	1.20937544612871	1.1730640454017	1.13664067433791	1.05142547081349	1.14953671944109	1.18197320926677	1.23909583106996	1.13938202122115	1.16519459720784	1.23938740670745	1.18925063809817	1.08584167191247	1.19093048322109	1.16223879853377	1.16128780319791	1.11082269368274	1.37446312121428	1.08336162712913	1.1651526294271	1.21038019852203	1.1833323880863	1.16040732938629	1.18557584618797	1.15780709024285	1.27917163086531	1.2419735685377	1.27837375718403	1.15575241148421	1.18998413069771	1.29129140585758	1.08617774377113
A3	0.976630452803148	0.797235169252497	0	0.330091273113427	1.14007927359371	1.08128530906064	1.17838815788167	1.05226374947233	1.2195570145471	1.13715656893898	1.11692801504753	1.0844261430151	1.12818713680272	1.19463992358234	1.16683925339295	1.23157112752497	1.16355905225693	1.22957245617649	1.2642881438218	1.15201399804821	1.18222841396627	1.20401903182453	1.21724463857388	1.24697361119187	1.20461725679862	1.23510703004438	1.17643674635533	1.0824464931243	1.13573019855906	1.16829676623676	1.16332317359471	1.2516935350716	1.17082626147668	1.02844435471768	0.985871412222397	1.08142658085006	1.26139852854486	1.18291727687358	1.19480637497945	1.16033619661341	1.23826882888254	1.13911339597742	0.979804841375844	1.11387638931124	1.0656968263559	1.09558372383438	1.01158817561509	1.36505110540085	1.12368596952468	1.32192722850232	1.30625980987367	1.11736782675443	1.085660523073	1.12492935055939	1.07361440437778	1.24525258375807	1.21025752045057	1.2808683865377	1.15482699271557	1.29032566100076	1.27311622476244	1.1554870030094
A4	0.952362714650242	0.823242206857494	0.330091273113427	0	1.15425248495288	1.09115232454733	1.19150240438729	1.05528317478637	1.22979087606293	1.14314600497062	1.132490056192	1.08911640938539	1.14119229449937	1.19703059893178	1.17389438706817	1.23059409038576	1.15968827598431	1.224250220861	1.25883601330537	1.1473819042315	1.18129142241395	1.20070995546171	1.21626941416573	1.24193808017639	1.2024400362127	1.23554231635643	1.17442283605844	1.08367370007535	1.13735408302556	1.172589786666	1.17642872416662	1.25876208135708	1.16304530747329	1.03932138571392	0.985725271050658	1.08587530795876	1.2592004388521	1.18470227543051	1.19358881280711	1.15430366030526	1.23467568163645	1.15391809131639	0.989676387646799	1.12184713566951	1.07745442332565	1.09289058152457	1.03149452583727	1.367838477879	1.13027863129367	1.31959294260848	1.30250017219202	1.12817047675337	1.10013272076507	1.13663286417541	1.08307062208788	1.25292866248595	1.21013358420875	1.28067980729026	1.16368692012786	1.28841336950747	1.27512691930889	1.1554896378414
ASTUR3	1.17282265779216	1.10855349727138	1.14007927359371	1.15425248495288	0	0.613654629051787	0.843082840177797	0.780207945228807	0.877983010698193	1.01541953726804	0.913359382902452	0.904617000190966	0.974750697807715	1.02513253163583	1.00279386707876	1.12823092099922	1.05749209130527	1.16042975834419	1.19022575538087	1.06241590767059	1.11265023540181	1.1732539528675	1.10073513129006	1.14435064945849	1.08614995708506	1.1442586436085	1.06914452030626	0.947268295165177	1.03228441966337	0.97853350598359	0.972223484832776	1.11334073562328	1.20341049696913	1.02380718812662	1.09014336759121	1.03591658705287	1.19718321865845	1.10877589127721	1.18883363682289	1.18465374057608	1.20565014600061	1.00327086756826	0.97686294335162	0.99263552794632	0.966939000701497	0.976997110568295	0.866986507850491	1.34113514591969	1.12751650494178	1.17207212035129	1.22368653036689	0.967047789318344	0.906652034717787	1.00156258519528	0.968352651153583	1.17772831035463	1.11327859156901	1.28600057756096	0.937540062320614	1.18452653214371	1.17972661421374	1.08648080197635
ASTUR4	1.12741370464504	1.16024226895611	1.08128530906064	1.09115232454733	0.613654629051787	0	0.844051090978122	0.666672688313686	0.902872383751694	0.969899332850558	0.813568464844906	0.805349937285243	0.895586004143241	0.956630651082059	0.93530402502244	1.057336427766	0.998366474018308	1.14260543878804	1.15303147330515	0.979641945690234	1.02571217990592	1.1255716325284	1.09205099639581	1.12474370121615	1.0727835185372	1.12927555687026	1.05697628954592	0.847635435651075	0.979445060924953	0.920090381075529	0.906716682207092	1.10909330750603	1.22492313645311	0.948077339648174	1.07800065967806	0.980585364717054	1.25916952270259	1.05867228475031	1.23408917016622	1.20832253394748	1.26155730941586	0.944843704804471	0.906894000404331	0.911325725994021	0.859004416829094	0.894536534702835	0.73869756247481	1.33076332836194	1.16129486878273	1.29092542415012	1.2807312146133	0.8740756611498	0.82925938300213	0.884241136766912	0.830118200705176	1.13784589562431	1.02763213232389	1.27909859715288	0.885364051609445	1.24461918746089	1.13511599033349	1.11592070177837
ASTUR6	1.21432340177135	1.22168587037342	1.17838815788167	1.19150240438729	0.843082840177797	0.844051090978122	0	0.802096809294781	0.337970812710273	1.11058355138596	1.00318526313141	0.976016217743534	0.666993395872219	0.783606173335107	0.910140405635935	1.16586576812616	1.11614274602574	1.20467677450572	1.21527517296318	1.11972424280845	1.13709393466634	1.20177346095006	1.16203881052959	1.19501887443468	1.16166671770765	1.19906947269505	1.14664113374864	1.03422978853034	1.10008895903599	1.07412571440877	0.965856726587329	1.19930353093306	1.26711144311057	1.10437690388702	1.15190116611146	1.10555278472074	1.29240840658447	1.09379672352075	1.27994775492229	1.25419722124831	1.3055754322726	1.0782793348804	1.0463761444578	1.03732038484983	1.02955732857195	1.02139240291589	0.95916088782031	1.35148082154478	1.21553085318255	1.31431924462727	1.30984497329519	1.04090000964758	1.00952036521151	0.992271997187668	0.978189575673748	1.20545955569653	1.1095584089855	1.31888585791969	1.03112681933612	1.28624949485985	1.17580978210448	1.18875351426882
ASTUR_1	1.09987611108016	1.10906143630716	1.05226374947233	1.05528317478637	0.780207945228807	0.666672688313686	0.802096809294781	0	0.873188879707251	0.85438900885125	0.765305141794538	0.716890513916289	0.780845373549258	0.856889146051352	0.833627249982456	1.04712961716802	0.90065070927321	1.06477088815142	1.10685257191901	0.883152470910223	0.972957439077205	1.05639181399497	1.00816022669466	1.06604331333698	0.986864896247387	1.06893172038853	0.946631651159773	0.704745729571277	0.908612047675695	0.844502258089378	0.836246989905756	1.05185103371881	1.21374587293245	0.964031080930293	1.06551592266228	1.00150598873011	1.25167272653818	1.06463926579657	1.22996457543828	1.18620091050123	1.26310097425655	0.942583510069323	0.896463073429139	0.866447413945349	0.82193341455584	0.828348974478222	0.696581068927063	1.32883346222765	1.13774467699702	1.27283704993586	1.27000036975507	0.850428188125814	0.782382926067603	0.861562036065155	0.783764881658248	1.11573288005842	1.02763875630464	1.28291909763469	0.823617645171813	1.24224119417357	1.12967301230945	1.09313136541244
ASTUR2	1.24953780853361	1.24391892728414	1.2195570145471	1.22979087606293	0.877983010698193	0.902872383751694	0.337970812710273	0.873188879707251	0	1.149618391525	1.07008381197561	1.03873476563303	0.674217014491988	0.800046939956478	0.933010742639686	1.20480328682029	1.15598358922477	1.23083641802978	1.24448400218053	1.16565021318832	1.1730633064206	1.23395411482762	1.18710673782242	1.21584430817956	1.19090033156105	1.2194208169675	1.17699320066339	1.10511646351005	1.15423983239382	1.11557150512168	1.00057702437608	1.22307883727616	1.28116891406599	1.14606891478246	1.17173408873017	1.13547885746348	1.29728432926511	1.10729530105851	1.28707281983199	1.27080158968389	1.30871705736279	1.1242852172641	1.08182126843261	1.09148949319924	1.09742280970125	1.08718413575369	1.0492699821349	1.35931499014632	1.23113005101208	1.31436965315799	1.31110018501412	1.08958238423027	1.07468520969672	1.04521739840357	1.04761625992042	1.23348968402696	1.14463181701623	1.3271866966031	1.08056792857353	1.29026235592371	1.20498340182934	1.21904579090742
ASTUR_5	1.13191779379223	1.14408882807461	1.13715656893898	1.14314600497062	1.01541953726804	0.969899332850558	1.11058355138596	0.85438900885125	1.149618391525	0	0.894952609652228	0.910902288660318	1.0118894426484	1.08109287802852	1.0210403461955	1.14579055180396	0.992514421224834	1.07996982479485	1.18333957762592	0.945180386134729	1.05961796198598	1.07956491565726	1.02943983594948	0.895111199940719	1.03445507415862	0.928924931644652	0.96865249700698	0.899049029942289	1.01370101183565	0.990533724706287	0.876857781440193	0.919956457347426	1.23431945912397	1.08033021571814	1.13506303753434	1.07567950706801	1.25576790341357	1.16317565006464	1.24545750296337	1.2214840306364	1.27173751988808	1.07433533388873	1.02397351137849	1.02223424281471	1.00046420026499	1.01681848342737	0.931395072635859	1.34897849611272	1.17831617699407	1.25670990263222	1.26925437340768	1.00844267068421	0.979460325518478	1.02697705603786	0.98661788173631	1.20152785303309	1.14919420843342	1.30633726204922	0.992479722741422	1.24460085268785	1.23246455837174	1.14758808779342
HF_1	1.11439806458692	1.1837743833237	1.11692801504753	1.132490056192	0.913359382902452	0.813568464844906	1.00318526313141	0.765305141794538	1.07008381197561	0.894952609652228	0	0.654005822531781	0.860202262023905	0.925116157565841	0.793728226912277	1.01106628057155	0.979652497713881	1.09014259111918	1.14983572052602	0.949884864466703	1.02269372327851	1.07871717942952	1.06581136978723	1.08994027906652	1.04467362232368	1.0882176628031	1.01821933995742	0.779377973747809	0.986011945731187	0.945718229072706	0.983609931773781	1.13998048693843	1.24918709079316	0.979497092764261	1.12421518325533	0.975513530014654	1.2954454892966	1.05348518881082	1.25819362754214	1.23283999116356	1.29905442202388	0.971993524620979	0.958977185091557	0.664154530919958	0.689103740310892	0.839244439929951	0.751854967967351	1.32670142206086	1.16953317719201	1.32078711989903	1.29133904811063	0.893696467928284	0.813122472487772	0.889699088352472	0.855621421048622	1.13266706645937	1.09772130665483	1.289643194941	0.860474183687315	1.27778512493422	1.17207595248675	1.12587655199103
HF_2	1.11064187510949	1.13770465651423	1.0844261430151	1.08911640938539	0.904617000190966	0.805349937285243	0.976016217743534	0.716890513916289	1.03873476563303	0.910902288660318	0.654005822531781	0	0.743557379547026	0.807746395921108	0.622899497265022	0.932746857982117	0.860598146669378	1.04055561761416	1.06836542229652	0.906124692514064	0.91434200060986	1.06613740532393	0.988999125858053	1.06233587720936	0.954831893731134	1.06526249631638	0.941471932839544	0.656519186077424	0.90384733398538	0.854027019828362	0.913282714495088	1.1134400786652	1.2228904979071	0.913216872643546	1.08291660891478	0.935938720195714	1.27424271160811	1.0038632737972	1.2170236977079	1.21431592060791	1.27817315562833	0.963486288353306	0.872538112025724	0.785589023738188	0.712446264366316	0.66771458661802	0.676827128599324	1.31483934526369	1.12224416740564	1.27892981071228	1.26942755061954	0.749458049357978	0.696240824083446	0.745483750768456	0.7228892358076	1.0919027468799	0.986119967161206	1.270046888561	0.708051174169935	1.2423810922021	1.09646490401431	1.07685531131304
HF_3	1.16513441204434	1.1698533645784	1.12818713680272	1.14119229449937	0.974750697807715	0.895586004143241	0.666993395872219	0.780845373549258	0.674217014491988	1.0118894426484	0.860202262023905	0.743557379547026	0	0.649049740699237	0.757375339506885	1.07140310417425	0.983739788166708	1.11008239087333	1.13576858582865	0.99546206823033	1.0046079800333	1.11982154812037	1.04479390277327	1.11341426517987	1.01116636512212	1.1146839164384	1.00223559697051	0.859368625511704	0.983899843910318	0.987083404460837	0.919342643211735	1.16838945610157	1.25260857966315	1.02480268767143	1.1132578176074	1.03197699678003	1.2790925939181	1.02325107326111	1.25560021442323	1.24090523115852	1.29450629686103	1.03370530630276	0.965194505392014	0.875853233303106	0.87760838209966	0.838278572496754	0.859835832225882	1.32757683601544	1.13868642112273	1.28927589963086	1.27468032058298	0.870971574759765	0.886757453456919	0.791980573166065	0.822902286418686	1.14156052972177	1.0038733819577	1.28401005749381	0.874353622080433	1.25102789949805	1.13177853748429	1.12667236880634
HF_4	1.21119308214122	1.22700832011346	1.19463992358234	1.19703059893178	1.02513253163583	0.956630651082059	0.783606173335107	0.856889146051352	0.800046939956478	1.08109287802852	0.925116157565841	0.807746395921108	0.649049740699237	0	0.747595652279816	0.66928165225189	0.813654517410461	1.02947407532637	0.841410687707751	0.999141091918951	0.801256638383433	1.13992217150915	0.907194713613138	1.00341718906251	0.877908379397561	1.0496172298681	1.02213641168453	0.934143466645387	1.00141476470082	1.06142871320556	0.999965372728899	1.20152612945375	1.2579352197302	1.09068612781647	1.16012910937472	1.06053561487278	1.30066245438641	1.00207269095054	1.22552482010523	1.25260717744772	1.31154827441722	1.06411340896705	1.04555923800216	0.93080085328781	0.923486517963756	0.780400187414098	0.927897359731498	1.33735280728544	1.17198089228174	1.2693457622497	1.27837828965838	0.963680654477153	0.963734531923718	0.739744572074974	0.737261199972327	1.15445326011706	0.760303616818897	1.29604236035804	0.881606577865607	1.23705930766134	0.738777803526682	1.0968523419889
HF_5	1.20381437298076	1.21286125079946	1.16683925339295	1.17389438706817	1.00279386707876	0.93530402502244	0.910140405635935	0.833627249982456	0.933010742639686	1.0210403461955	0.793728226912277	0.622899497265022	0.757375339506885	0.747595652279816	0	0.925822041920852	0.896885688888967	1.05300102009954	1.03755404182369	0.985091792142619	0.904515248852009	1.10313724287815	1.00465644788036	1.05015153204009	0.963671913098608	1.05339727350946	1.01449236680211	0.880399674102193	1.04995731612554	0.931557854719551	0.983780721644056	1.18107712109526	1.24714790266488	1.01372879389643	1.15129712780132	0.977632466986351	1.29726631474554	0.915122938449847	1.22167683619625	1.25037298162347	1.29877888738281	1.05020694781582	0.981673222233248	0.934050567315934	0.94182401084963	0.905615223184616	0.899831073996675	1.32412068019495	1.1883766496677	1.29884228323744	1.29277884238571	0.895597457460986	0.857188240917634	0.84782545756469	0.834663926438829	1.16178612722511	0.952339750006923	1.30509045388571	0.78636458560079	1.25990928664984	1.02622143939494	1.13505994860068
HF_6	1.25582089767784	1.26400681085761	1.23157112752497	1.23059409038576	1.12823092099922	1.057336427766	1.16586576812616	1.04712961716802	1.20480328682029	1.14579055180396	1.01106628057155	0.932746857982117	1.07140310417425	0.66928165225189	0.925822041920852	0	0.740052511159613	0.987439303691381	0.643478982788444	1.02264282146223	0.674199632411111	1.16005567494913	0.851339207991662	0.954880765351724	0.800660345751437	1.03082513134267	1.03346198168467	1.03126402952882	1.04825409112279	1.18314166463209	1.15062186069499	1.25798243979945	1.28405412919715	1.16693998492367	1.24211702476689	1.14439497318033	1.32395392905127	1.08878264007829	1.22281692909606	1.2818338907726	1.33276294778969	1.14568197960915	1.16134424019849	1.01228013801482	0.988272807489419	0.855948930333248	1.03003218277317	1.35348211424465	1.22308263868339	1.27131309338866	1.29788932434125	1.05284419822714	1.05689462092496	0.806195978827194	0.766950300124551	1.1985003710625	0.621863760055648	1.31498642845804	0.948238687242074	1.24005314617042	0.484642023471442	1.11619551904858
D10	1.07933649903007	1.17364718640194	1.16355905225693	1.15968827598431	1.05749209130527	0.998366474018308	1.11614274602574	0.90065070927321	1.15598358922477	0.992514421224834	0.979652497713881	0.860598146669378	0.983739788166708	0.813654517410461	0.896885688888967	0.740052511159613	0	0.653168585259219	0.698846591436824	0.612932802830355	0.527133162664657	0.792655568584785	0.545201969604335	0.705403745992262	0.566191425167169	0.662060449283361	0.643378175265134	0.840503159366952	0.92806997306248	1.09033504115345	1.08659702619155	1.20091033794911	1.23547619467712	1.11127526935653	1.15598473328701	1.09073026768265	1.26909878320701	1.04951267718942	1.19463358747054	1.23184579890217	1.27874145849275	1.10522253071555	1.05626462668135	1.00276263725926	0.960863328810705	0.851478103851828	0.942840404169194	1.34023880954757	1.16462513495052	1.22340903263723	1.25941778310631	0.954331539965012	0.959203157718513	0.791109328405299	0.749918315809033	1.16606690995847	0.770905659563723	1.28945728868059	0.847035554285489	1.2040287598433	0.803407151983895	1.09126526415263
D11	0.937110685572796	1.22600442978133	1.22957245617649	1.224250220861	1.16042975834419	1.14260543878804	1.20467677450572	1.06477088815142	1.23083641802978	1.07996982479485	1.09014259111918	1.04055561761416	1.11008239087333	1.02947407532637	1.05300102009954	0.987439303691381	0.653168585259219	0	0.897769056849093	0.546943092351766	0.735305457744074	0.431039694702556	0.470535494938941	0.648041738512794	0.673001529052987	0.620571350485049	0.536513263637213	1.00338360580406	1.05121345725918	1.19034502749519	1.18672210832666	1.25845442695645	1.22434330544187	1.19990847472027	1.21926122218012	1.19371341832161	1.25929060158857	1.16359617756748	1.21691452154741	1.23452596389204	1.28320777690852	1.1810280374124	1.17827837513216	1.13144353235218	1.10789431322196	1.05742175719123	1.09722061375028	1.35843760127981	1.20657893189103	1.21799626604041	1.26146056788287	1.08327988516676	1.08151069061997	1.0125271576211	0.975489315907322	1.24220384150385	0.996099849813092	1.31084552403352	1.02346661887772	1.21353074142377	1.03682496418302	1.15214859535193
D12	1.26334998728148	1.28445389264703	1.2642881438218	1.25883601330537	1.19022575538087	1.15303147330515	1.21527517296318	1.10685257191901	1.24448400218053	1.18333957762592	1.14983572052602	1.06836542229652	1.13576858582865	0.841410687707751	1.03755404182369	0.643478982788444	0.698846591436824	0.897769056849093	0	0.951341793226379	0.658485846350732	1.09835669587984	0.783081665562618	0.882921482652321	0.582173843415909	0.976701053762621	0.930489108661348	1.06035095406351	1.04135500985207	1.23413738079522	1.20968772069196	1.29352972674086	1.27567047760972	1.24611458058433	1.27186416243014	1.21290114569881	1.30602887691632	1.13785891917146	1.22578621188039	1.28049374419953	1.31958027822501	1.2175977756473	1.21857742443415	1.13424530640606	1.11058521878105	0.986231769422329	1.11586500978097	1.35895897398959	1.23744730695443	1.25055708895022	1.29263433259279	1.08895985790563	1.11174155464073	0.870228315904529	0.860579018102677	1.23285161417047	0.716201239483049	1.32197989186634	0.989457308964685	1.23066166544159	0.637248764061834	1.14963634832554
D13	0.951875060946739	1.18370198675691	1.15201399804821	1.1473819042315	1.06241590767059	0.979641945690234	1.11972424280845	0.883152470910223	1.16565021318832	0.945180386134729	0.949884864466703	0.906124692514064	0.99546206823033	0.999141091918951	0.985091792142619	1.02264282146223	0.612932802830355	0.546943092351766	0.951341793226379	0	0.742203549964582	0.537767941166914	0.602448241849877	0.721982379073372	0.704412915303338	0.708992348774168	0.541921239689441	0.78237340325645	0.918154189385736	1.08455840173008	1.09504785629383	1.19896341646579	1.24012455322185	1.10777327883975	1.16470453826095	1.11213343069242	1.27179518346083	1.12923439789766	1.24370936441945	1.23273180107535	1.28650795357943	1.07950381924686	1.07074642204109	0.988085053437082	0.943760664214502	0.958423990824034	0.920849820307096	1.3416679209447	1.17627140605524	1.26508463275401	1.27159296154284	0.953820887794287	0.927098480233232	0.905189135638606	0.861609008480014	1.18200251587014	0.992120695890523	1.29863639173617	0.916673110020615	1.23638732287861	1.08296702632988	1.1317701048607
D1	1.12333104654365	1.21856432125457	1.18222841396627	1.18129142241395	1.11265023540181	1.02571217990592	1.13709393466634	0.972957439077205	1.1730633064206	1.05961796198598	1.02269372327851	0.91434200060986	1.0046079800333	0.801256638383433	0.904515248852009	0.674199632411111	0.527133162664657	0.735305457744074	0.658485846350732	0.742203549964582	0	0.876814763563515	0.602224954808909	0.753067183324709	0.589644251792093	0.796426871886454	0.755911662452082	0.899338360955235	0.935007377134789	1.14197584538723	1.11656830047061	1.23994022086912	1.24821796930494	1.1311114838214	1.1936485649722	1.11008705131709	1.28785520722606	1.06313413316032	1.20337928999738	1.25045425680348	1.29117807091041	1.14301381375061	1.09275665128046	1.03965897493985	1.01261503688257	0.905824159716665	0.987632941089183	1.34120646827148	1.18850794570287	1.23899194519352	1.2735322786738	0.961296786270208	0.987224279463022	0.767078038922531	0.734611128997132	1.18540986993389	0.675427993859156	1.28916531651476	0.864921623696262	1.20382693551275	0.704588388798463	1.10766493692442
D3	0.850225444805836	1.24460904573654	1.20401903182453	1.20070995546171	1.1732539528675	1.1255716325284	1.20177346095006	1.05639181399497	1.23395411482762	1.07956491565726	1.07871717942952	1.06613740532393	1.11982154812037	1.13992217150915	1.10313724287815	1.16005567494913	0.792655568584785	0.431039694702556	1.09835669587984	0.537767941166914	0.876814763563515	0	0.664833258121334	0.77080801556854	0.857633046568036	0.691014128081859	0.64587554600113	1.02165544341279	1.08509585165072	1.19045720542983	1.18602729578823	1.27333433362054	1.28688948878305	1.18204691557879	1.23629906553619	1.19162132713759	1.31919024647283	1.20702484237207	1.29342106969321	1.2827150170781	1.32203019998284	1.1755299566938	1.1675844472534	1.15190788031442	1.12883610626907	1.10764582122181	1.07777801355233	1.3597908640877	1.25700526494289	1.31579115036566	1.32306646748465	1.0974574618983	1.08128135440723	1.08049922621629	1.03446423387544	1.25069310061042	1.14420056705276	1.33585404578294	1.07564115910808	1.29648214877734	1.2124830757596	1.22538501344812
D4	1.02735140954035	1.1489010845213	1.21724463857388	1.21626941416573	1.10073513129006	1.09205099639581	1.16203881052959	1.00816022669466	1.18710673782242	1.02943983594948	1.06581136978723	0.988999125858053	1.04479390277327	0.907194713613138	1.00465644788036	0.851339207991662	0.545201969604335	0.470535494938941	0.783081665562618	0.602448241849877	0.602224954808909	0.664833258121334	0	0.610061309880877	0.557775204620513	0.607859726806575	0.491732573649644	0.940110061449713	0.957333557449331	1.15186300600332	1.14143280163673	1.20389765806561	1.19619849478739	1.17872060885201	1.17023285330014	1.16079718515721	1.21724607496484	1.1339088564738	1.17409465471773	1.20106312186865	1.26226186682811	1.14322534208059	1.14371137981517	1.09364431604152	1.07645503377254	0.977501219701095	1.03937054941403	1.35063456311012	1.13375100131666	1.13455462750909	1.21060846646065	1.02497546581862	1.04408935189594	0.891758559246583	0.870755884794882	1.21445516063286	0.837494974968002	1.28732694133058	0.91960168979347	1.13717599218106	0.868956613439202	1.07441361306847
D6	1.07052672206323	1.22952513043338	1.24697361119187	1.24193808017639	1.14435064945849	1.12474370121615	1.19501887443468	1.06604331333698	1.21584430817956	0.895111199940719	1.08994027906652	1.06233587720936	1.11341426517987	1.00341718906251	1.05015153204009	0.954880765351724	0.705403745992262	0.648041738512794	0.882921482652321	0.721982379073372	0.753067183324709	0.77080801556854	0.610061309880877	0	0.735703970430204	0.430455469458921	0.741070746205411	0.988624800981777	0.95630847417497	1.16123083775086	1.17336675928947	1.24755261213262	1.20836962710097	1.20547943361962	1.20960121694087	1.17747079085853	1.2319354402637	1.14281675496729	1.19216592800408	1.21041570906171	1.26256427210669	1.18750067065175	1.17245415937194	1.16276376094973	1.14320567808675	1.05146630836658	1.10052939909912	1.35147698631758	1.17605899338958	1.16997766028507	1.22523462017115	1.06578070315685	1.06820522093535	0.960127510899076	0.939518208195406	1.2420405391212	0.910349793478482	1.29206901230551	1.00026098550931	1.16650220503023	0.939738945716158	1.11764827321145
D9	1.12199167073791	1.16948755486697	1.20461725679862	1.2024400362127	1.08614995708506	1.0727835185372	1.16166671770765	0.986864896247387	1.19090033156105	1.03445507415862	1.04467362232368	0.954831893731134	1.01116636512212	0.877908379397561	0.963671913098608	0.800660345751437	0.566191425167169	0.673001529052987	0.582173843415909	0.704412915303338	0.589644251792093	0.857633046568036	0.557775204620513	0.735703970430204	0	0.779283083540539	0.614687461305074	0.916088471437582	0.926393497735583	1.1423746841546	1.13601371280043	1.21483294075552	1.19998503831818	1.17425196967672	1.18331570473737	1.15050012965407	1.21581010658209	1.10495017193974	1.17589262338986	1.21557304926276	1.2631031286214	1.14901254633991	1.14121346020964	1.07033723422937	1.04389831607192	0.944638691043658	1.02253663405432	1.34400028531438	1.13119360302238	1.15816933250084	1.22227793476918	0.989349282300297	1.02168240919514	0.841914950723496	0.833661516705034	1.19965314104837	0.795843472080295	1.28880958629836	0.886412372872511	1.13769728774588	0.839899516785181	1.0753070451855
DA	1.02441081311406	1.20196352130991	1.23510703004438	1.23554231635643	1.1442586436085	1.12927555687026	1.19906947269505	1.06893172038853	1.2194208169675	0.928924931644652	1.0882176628031	1.06526249631638	1.1146839164384	1.0496172298681	1.05339727350946	1.03082513134267	0.662060449283361	0.620571350485049	0.976701053762621	0.708992348774168	0.796426871886454	0.691014128081859	0.607859726806575	0.430455469458921	0.779283083540539	0	0.710760210108295	1.03362663322302	1.0360411105414	1.16743551788147	1.17003275105638	1.23974261197013	1.23650604284297	1.18602297647261	1.18586392798996	1.16415800414338	1.24217119636139	1.15800839778399	1.20598179148469	1.23311144258574	1.26994719764986	1.18999857531684	1.14770745185606	1.17220909365712	1.16026002694792	1.08031615938804	1.107918557735	1.35761852523635	1.17669212094159	1.18934933256462	1.23867445140333	1.08244252066972	1.09070159763888	0.993529963795186	0.978388780892257	1.2519242581884	0.970824331219093	1.29299829268191	1.01000702612746	1.1843919859948	1.02381174976994	1.13572884016255
D8	1.00555650806622	1.13612036990181	1.17643674635533	1.17442283605844	1.06914452030626	1.05697628954592	1.14664113374864	0.946631651159773	1.17699320066339	0.96865249700698	1.01821933995742	0.941471932839544	1.00223559697051	1.02213641168453	1.01449236680211	1.03346198168467	0.643378175265134	0.536513263637213	0.930489108661348	0.541921239689441	0.755911662452082	0.64587554600113	0.491732573649644	0.741070746205411	0.614687461305074	0.710760210108295	0	0.857481442085187	0.930545580852033	1.1148785251627	1.11608447519163	1.19296878201491	1.199418419827	1.15034947427495	1.15449247489339	1.14435424818168	1.21490763786583	1.14663949296459	1.1964477233076	1.20295937950382	1.2564253830029	1.12479963629799	1.10871859043708	1.0607641947157	1.03069133146254	0.990294365211737	0.988918946613572	1.34871791309704	1.12792454092704	1.17178518215933	1.22554133967557	0.999411070978501	1.00364476262035	0.950006404161879	0.926925108673746	1.20889240778565	0.994342209877021	1.29057370207815	0.93306056201089	1.16498406263737	1.09063815508942	1.10494642235068
DC	1.10338710784802	1.13794398891494	1.0824464931243	1.08367370007535	0.947268295165177	0.847635435651075	1.03422978853034	0.704745729571277	1.10511646351005	0.899049029942289	0.779377973747809	0.656519186077424	0.859368625511704	0.934143466645387	0.880399674102193	1.03126402952882	0.840503159366952	1.00338360580406	1.06035095406351	0.78237340325645	0.899338360955235	1.02165544341279	0.940110061449713	0.988624800981777	0.916088471437582	1.03362663322302	0.857481442085187	0	0.690680155749145	0.955519199374173	0.979101627243902	1.12240857186649	1.20966308380827	0.980515381386188	1.09494651590486	1.00915102802888	1.25285162470524	1.06958252584505	1.22945152132356	1.19466194843189	1.26812998174808	0.973835578236091	0.925276166519681	0.810875712283119	0.7221321837295	0.764291075992056	0.676703515456004	1.3231696364357	1.1283746183061	1.27528594912157	1.26634074211284	0.787954801191876	0.762460320099233	0.792548472152129	0.7152280642057	1.10569191137439	0.989144252572262	1.27803096834089	0.767613413373897	1.23370384159698	1.10294015415654	1.08349461690583
DD	1.1445674895627	1.18434744517846	1.13573019855906	1.13735408302556	1.03228441966337	0.979445060924953	1.10008895903599	0.908612047675695	1.15423983239382	1.01370101183565	0.986011945731187	0.90384733398538	0.983899843910318	1.00141476470082	1.04995731612554	1.04825409112279	0.92806997306248	1.05121345725918	1.04135500985207	0.918154189385736	0.935007377134789	1.08509585165072	0.957333557449331	0.95630847417497	0.926393497735583	1.0360411105414	0.930545580852033	0.690680155749145	0	1.08336707357073	1.07020611264829	1.19064033714333	1.21932398198018	1.08195569258043	1.14947151874068	1.09910311103959	1.26115924733407	1.1409467534334	1.23213736541133	1.20267224552237	1.26292270665597	1.07798409693662	1.03896971997636	1.00700735578309	0.945035164525855	0.895400841566764	0.837202944505376	1.30131470546132	1.16341114183774	1.25773657529386	1.26201954016811	0.92800336616531	0.904345843837809	0.896104981333275	0.829696768399687	1.16127538502996	0.995907391993683	1.25945692015141	0.941747048913693	1.22770232743532	1.07555055208211	1.1141851610718
ASTUR_7	1.18948514885989	1.18533504312847	1.16829676623676	1.172589786666	0.97853350598359	0.920090381075529	1.07412571440877	0.844502258089378	1.11557150512168	0.990533724706287	0.945718229072706	0.854027019828362	0.987083404460837	1.06142871320556	0.931557854719551	1.18314166463209	1.09033504115345	1.19034502749519	1.23413738079522	1.08455840173008	1.14197584538723	1.19045720542983	1.15186300600332	1.16123083775086	1.1423746841546	1.16743551788147	1.1148785251627	0.955519199374173	1.08336707357073	0	0.827401349293664	0.979852779609932	1.23951321178578	1.02373526825127	1.13717302379412	0.977662433414196	1.26393656812665	1.01631567330277	1.2415960622181	1.222738103668	1.27608629008214	1.04764158535073	0.987309286883441	1.06811869568474	1.02454023635218	0.980222677787311	0.921980412670056	1.33460566461577	1.19322285921633	1.27870164655451	1.28474780342523	0.992970252364848	0.942767450993383	1.00939941890308	1.00035172159733	1.19024910751211	1.13500352333539	1.29446809141803	0.984970918937603	1.26735448973088	1.23360512319141	1.15880435648754
ASTUR_8	1.19373334136583	1.1997892470993	1.16332317359471	1.17642872416662	0.972223484832776	0.906716682207092	0.965856726587329	0.836246989905756	1.00057702437608	0.876857781440193	0.983609931773781	0.913282714495088	0.919342643211735	0.999965372728899	0.983780721644056	1.15062186069499	1.08659702619155	1.18672210832666	1.20968772069196	1.09504785629383	1.11656830047061	1.18602729578823	1.14143280163673	1.17336675928947	1.13601371280043	1.17003275105638	1.11608447519163	0.979101627243902	1.07020611264829	0.827401349293664	0	0.554116648056472	1.26526099349471	1.05937028742753	1.15224893845317	1.07904485108648	1.28676387523378	1.13377247916871	1.26800555109051	1.24106587913251	1.29494369892619	1.07422597720866	1.01192398491213	1.01503068489453	0.989150655813881	0.947745814864727	0.910810848932297	1.34349008575506	1.1825929530398	1.29531294332647	1.29778933312238	0.969432332758187	0.939235045670356	0.96270899955456	0.937550238365159	1.1795435702901	1.09268351826285	1.30120994296025	0.975218688164659	1.27259114932765	1.19110186555578	1.15938517895912
ASTUR_9	1.26957905962844	1.20937544612871	1.2516935350716	1.25876208135708	1.11334073562328	1.10909330750603	1.19930353093306	1.05185103371881	1.22307883727616	0.919956457347426	1.13998048693843	1.1134400786652	1.16838945610157	1.20152612945375	1.18107712109526	1.25798243979945	1.20091033794911	1.25845442695645	1.29352972674086	1.19896341646579	1.23994022086912	1.27333433362054	1.20389765806561	1.24755261213262	1.21483294075552	1.23974261197013	1.19296878201491	1.12240857186649	1.19064033714333	0.979852779609932	0.554116648056472	0	1.2765503911739	1.18102538295446	1.20725718252944	1.16967818987895	1.27620019207329	1.22701350040332	1.28232415406659	1.25990886717135	1.30553264902739	1.17626719394958	1.15833291628604	1.18547649297957	1.16227152339423	1.14562840824528	1.10634866997148	1.36755624023104	1.23247794028716	1.26355656127788	1.29140269165972	1.16273518666267	1.13323280920235	1.17484474761686	1.15370867261132	1.26971064500811	1.23861174519826	1.32646504980149	1.13343967787355	1.26957559023223	1.28791319834856	1.21405349481591
J1	1.27562064491972	1.1730640454017	1.17082626147668	1.16304530747329	1.20341049696913	1.22492313645311	1.26711144311057	1.21374587293245	1.28116891406599	1.23431945912397	1.24918709079316	1.2228904979071	1.25260857966315	1.2579352197302	1.24714790266488	1.28405412919715	1.23547619467712	1.22434330544187	1.27567047760972	1.24012455322185	1.24821796930494	1.28688948878305	1.19619849478739	1.20836962710097	1.19998503831818	1.23650604284297	1.199418419827	1.20966308380827	1.21932398198018	1.23951321178578	1.26526099349471	1.2765503911739	0	1.03242142564914	0.8525063601242	1.00080884527118	0.774863662475565	1.09411842167767	0.731465092916217	0.603453023902979	0.868517862440199	1.13671762721045	1.01822237128842	1.26540967110037	1.26184849119042	1.24940422736182	1.21998895662391	1.37552335939451	0.913808536060634	0.95182877570385	1.02662416249044	1.2129548195309	1.17734305962052	1.2396438265788	1.22548493050612	1.32038958336494	1.25987577996075	1.18152783282714	1.20079160066171	0.957269741983662	1.29179625319494	0.944419795228536
J10	1.14859888023653	1.13664067433791	1.02844435471768	1.03932138571392	1.02380718812662	0.948077339648174	1.10437690388702	0.964031080930293	1.14606891478246	1.08033021571814	0.979497092764261	0.913216872643546	1.02480268767143	1.09068612781647	1.01372879389643	1.16693998492367	1.11127526935653	1.19990847472027	1.24611458058433	1.10777327883975	1.1311114838214	1.18204691557879	1.17872060885201	1.20547943361962	1.17425196967672	1.18602297647261	1.15034947427495	0.980515381386188	1.08195569258043	1.02373526825127	1.05937028742753	1.18102538295446	1.03242142564914	0	0.723246212416187	0.651453089941846	1.16884129853954	0.829606142764295	1.07349826406405	1.02270214363126	1.15417551635907	0.717008462066324	0.560111319234582	1.02240014522286	1.00235897769028	0.987265623097061	0.901206371147736	1.29581116701097	1.07549132863636	1.27445252110942	1.24209479243542	1.00523306407633	0.946060442165064	1.02555827431068	0.985592686953869	1.1942117184191	1.1538499658814	1.15274056194908	1.03283586570271	1.22628720868296	1.24019760831855	1.08663462290847
J11	1.19254677830362	1.05142547081349	0.985871412222397	0.985725271050658	1.09014336759121	1.07800065967806	1.15190116611146	1.06551592266228	1.17173408873017	1.13506303753434	1.12421518325533	1.08291660891478	1.1132578176074	1.16012910937472	1.15129712780132	1.24211702476689	1.15598473328701	1.21926122218012	1.27186416243014	1.16470453826095	1.1936485649722	1.23629906553619	1.17023285330014	1.20960121694087	1.18331570473737	1.18586392798996	1.15449247489339	1.09494651590486	1.14947151874068	1.13717302379412	1.15224893845317	1.20725718252944	0.8525063601242	0.723246212416187	0	0.841090410497436	1.07850778727708	1.01726787075598	0.978121281229887	0.897793370233773	1.05639828871408	0.855477804200727	0.753386937744225	1.15075481664798	1.13497358497359	1.12911624442333	1.06218441333141	1.36185197315054	0.902418088674597	1.09227585771201	1.11475824644933	1.12035733513734	1.08563875591812	1.13911652088198	1.12151428095217	1.25568888819521	1.22765217050043	1.15338823350337	1.11867262070562	1.0744459528277	1.28655419189896	0.976345549964721
J2	1.17425129226424	1.14953671944109	1.08142658085006	1.08587530795876	1.03591658705287	0.980585364717054	1.10555278472074	1.00150598873011	1.13547885746348	1.07567950706801	0.975513530014654	0.935938720195714	1.03197699678003	1.06053561487278	0.977632466986351	1.14439497318033	1.09073026768265	1.19371341832161	1.21290114569881	1.11213343069242	1.11008705131709	1.19162132713759	1.16079718515721	1.17747079085853	1.15050012965407	1.16415800414338	1.14435424818168	1.00915102802888	1.09910311103959	0.977662433414196	1.07904485108648	1.16967818987895	1.00080884527118	0.651453089941846	0.841090410497436	0	1.10565118850416	0.724731600715427	1.01763428506801	0.990799103846425	1.09039822266798	0.867889148433899	0.703069134513791	1.0537259716161	1.04588278162244	1.03440484504841	0.97609060423388	1.28175828189694	1.07413457976941	1.22752527622502	1.1801600326822	1.04012609105339	0.998928530582058	1.04323830690192	1.03073755633603	1.1968689740601	1.14789756333122	1.14411911277516	1.04807772674549	1.17654766524591	1.20983260068488	1.0654787300133
J3	1.31643807111851	1.18197320926677	1.26139852854486	1.2592004388521	1.19718321865845	1.25916952270259	1.29240840658447	1.25167272653818	1.29728432926511	1.25576790341357	1.2954454892966	1.27424271160811	1.2790925939181	1.30066245438641	1.29726631474554	1.32395392905127	1.26909878320701	1.25929060158857	1.30602887691632	1.27179518346083	1.28785520722606	1.31919024647283	1.21724607496484	1.2319354402637	1.21581010658209	1.24217119636139	1.21490763786583	1.25285162470524	1.26115924733407	1.26393656812665	1.28676387523378	1.27620019207329	0.774863662475565	1.16884129853954	1.07850778727708	1.10565118850416	0	1.18911139027168	0.703172648902968	0.72242037479448	0.774023593376386	1.20911315109907	1.14402271369355	1.30548275031201	1.30899152567229	1.2949874090632	1.27436716450593	1.36424238368968	1.02276430177754	0.963949952006613	1.03165355703487	1.25028929999372	1.23937932453434	1.26359341058636	1.26343513067171	1.3406681686405	1.27059860510068	1.21864980177165	1.22065823712327	0.992806479593876	1.31019700243052	0.984858080650019
