A1	A2	A3	A4	ASTUR3	ASTUR4	ASTUR6	ASTUR_1	ASTUR2	ASTUR_5	HF_1	HF_2	HF_3	HF_4	HF_5	HF_6	D10	D11	D12	D13	D1	D3	D4	D6	D9	DA	D8	DC	DD	ASTUR_7	ASTUR_8	ASTUR_9	J1	J10	J11	J2	J3	J4	J5	J6	J7	J8	J9	S1	S2	S3	W13	W16	W10	W11	W12	W14	W15	W1	W2	W3	W4	W5	W6	W7	W8	W9
A1	0	0.36419075211156	0.373954326658779	0.362833501502787	0.736117370476886	0.664493234265317	0.663094413349688	0.574081790476911	0.700651606376525	0.532642605688914	0.535266523275823	0.516283196358589	0.550291642857341	0.529343722625119	0.533855361879596	0.531201614821448	0.545301455583206	0.63628151982708	0.658706272743887	0.595244042438981	0.568115144372231	0.572118664726383	0.597580772311397	0.656562312250118	0.668770224417188	0.614063264864065	0.613193604040993	0.556719565979938	0.600822981382932	0.581690992149779	0.570322666458059	0.561434723799101	0.769835528121054	0.677477592372538	0.632541944819886	0.671382225712201	0.849169787378333	0.711434330342995	0.767958425362855	0.739885688175634	0.784889033034254	0.704075140545302	0.630716203638736	0.527561556821355	0.49828896743376	0.509490427168506	0.580976675692106	0.608406519304895	0.644990840107207	0.843711244841279	0.735836462819851	0.616513274860018	0.61303824256991	0.571556781408935	0.543481430403588	0.571322714255898	0.638311214237621	0.640643664034399	0.606286702659922	0.819979728221832	0.624943544313138	0.635759042115649
A2	0.36419075211156	0	0.268893895674741	0.282599767096417	0.75710418183876	0.696487457536751	0.682315383790435	0.604494943814965	0.719162484832085	0.561836756894366	0.571172431865883	0.542250212817832	0.562421572930526	0.531725036391538	0.560731927647045	0.575609117660568	0.583068907539594	0.687829069156439	0.722037347357099	0.623218808769041	0.614139298327622	0.632882485293186	0.625421125029865	0.714391605746737	0.710581160906489	0.672887971704412	0.670984215977464	0.593140989791665	0.642124223682861	0.617337301081889	0.600184137925294	0.586799680698781	0.745847879554429	0.670506340395441	0.621289608611253	0.665771502833517	0.828015535942758	0.722449391164049	0.763136462353925	0.722433723616141	0.792541012818969	0.711342692383973	0.634643871203563	0.553224753113844	0.515406473060828	0.54478635621524	0.598519248135672	0.652616088078416	0.628128027746968	0.828843524454771	0.723258392994632	0.636497052819402	0.659916726400363	0.611719552132278	0.584324806665598	0.596760238889767	0.662735685137076	0.627425557366737	0.618422011506481	0.812265222877727	0.651261837127644	0.625868900011041
A3	0.373954326658779	0.268893895674741	0	0.253873136185399	0.771577572684001	0.702240426230451	0.694270595516922	0.60291024184677	0.727592498629567	0.591941378707328	0.563517946352873	0.528372948361645	0.568470888836474	0.532007949707653	0.554483158808449	0.572224439454113	0.634782908087511	0.725002081313953	0.747831669058731	0.659011039658132	0.629269795517828	0.647415263071898	0.675961636944384	0.751694617186526	0.740837390774735	0.698759264150079	0.705101522491862	0.613829536415541	0.666092855704146	0.6354112105396	0.605037536941059	0.601667886718665	0.77715401078127	0.645910395226758	0.633158055131848	0.660098826983466	0.862087609585868	0.707354328575754	0.782699199816197	0.741979014776901	0.806689147192287	0.706805469232385	0.630540176650645	0.551045288990633	0.522301955009191	0.552342636454592	0.607323878692351	0.6580813130015	0.649842030558274	0.879341267834596	0.764714975115894	0.648118013454361	0.677915103954871	0.619120251451088	0.586639538509619	0.616979366575932	0.680860205897187	0.643361259064085	0.638180287431907	0.847566093815099	0.657576547039519	0.658967786779537
A4	0.362833501502787	0.282599767096417	0.253873136185399	0	0.773767809176549	0.70495323640972	0.684126871739277	0.620891898459867	0.728350839926987	0.599979181319108	0.579641944576939	0.555615631084144	0.595871034958582	0.566780445136921	0.583184266642972	0.581048701109087	0.626836842831002	0.71420269814502	0.745346781437281	0.642998039694973	0.627785159524429	0.631413297321272	0.664306211983196	0.734008825546297	0.730847946202656	0.696399913915962	0.695578775815009	0.606550001283221	0.65656564457639	0.634147841448107	0.626095436761783	0.614844878793105	0.762664105489175	0.664332481657426	0.630239177844976	0.667237561252486	0.853439243323216	0.705301219144367	0.777315264013498	0.735962574349793	0.807107945081105	0.721086609141057	0.637634986637169	0.575351348720869	0.551382137238694	0.567828864379252	0.598307101981216	0.65519689853321	0.654977519656627	0.86917358869242	0.758223659960135	0.662592166842692	0.67430095772215	0.623702390977713	0.593090331252082	0.625531716045085	0.674677025004143	0.658104592342718	0.649572458974462	0.838184719159746	0.657519704035258	0.654162312425469
ASTUR3	0.736117370476886	0.75710418183876	0.771577572684001	0.773767809176549	0	0.422048563943394	0.455449098004708	0.547094278053053	0.432840060967258	0.646182997147386	0.594379367901433	0.634873116793942	0.637040179847914	0.619804558123575	0.609493082656182	0.630499737712328	0.661288741789842	0.676622045400713	0.704283763746072	0.638587000223724	0.68076987663871	0.642516311749884	0.675747627904277	0.689968865677042	0.73288906308505	0.70038169517397	0.686918473657606	0.653267556420303	0.66601757243252	0.593457982329528	0.583142357838398	0.590589611650096	0.77445799265851	0.732332578540198	0.749462447189564	0.754743515660574	0.796410606925914	0.734178949879779	0.81552616728051	0.779396334313112	0.80050063874844	0.675786467411198	0.696032072688712	0.638322221519965	0.640961602218814	0.6320102114291	0.619188649331768	0.632493409703311	0.703067505664243	0.769494042108224	0.723513672642674	0.63261459414431	0.616466865259003	0.640684221225266	0.646999193633842	0.656176362195163	0.667975042008262	0.704488549236028	0.602110582574303	0.754851877165191	0.622433970722358	0.688832822688593
ASTUR4	0.664493234265317	0.696487457536751	0.702240426230451	0.70495323640972	0.422048563943394	0	0.44842179434217	0.452491716892087	0.424389382319666	0.547869983429308	0.503323008693433	0.522856005648601	0.553330958312514	0.517406784504595	0.525168792699807	0.523719915019922	0.593021946182899	0.661315306793763	0.6925969966569	0.582952065449411	0.603799853618772	0.577531433317879	0.642978740938168	0.67766011300023	0.693882129155019	0.662036004958869	0.661177663685413	0.594440517884956	0.636159074297887	0.503499717647413	0.498043524153816	0.509021116686842	0.7646719883261	0.664151890847404	0.663053230960887	0.689354003032109	0.824149270685341	0.673444958264033	0.798927178594588	0.773568605290338	0.791451127123997	0.626394883414304	0.624739662101023	0.555276281950696	0.544419930277978	0.536526398110581	0.541790118557713	0.587863026270702	0.680121199031697	0.787867159354435	0.731371759311426	0.581748165342534	0.566959041844024	0.580304666366805	0.553935654843585	0.583221176535877	0.593803228642474	0.676808285198703	0.561445131167014	0.764109261480086	0.581899882573217	0.660547497543017
ASTUR6	0.663094413349688	0.682315383790435	0.694270595516922	0.684126871739277	0.455449098004708	0.44842179434217	0	0.482639798781746	0.385186947880095	0.581257254003946	0.519130649793658	0.535503821822709	0.532771822419549	0.518030078219665	0.531111860520541	0.530329635165001	0.604501100943904	0.618574971532447	0.65292350560837	0.583562608199272	0.612658649002898	0.570660741174723	0.597045169171511	0.643321462910576	0.679373395426502	0.653596784098806	0.635268183773489	0.565707070508353	0.599966628524323	0.537388692387522	0.499359859905851	0.51549574059694	0.763262799066045	0.679996377343067	0.700405974693332	0.705374649722698	0.777464070059212	0.684412378848207	0.781483438879154	0.738518661501087	0.797161986662947	0.646399728034052	0.66023118320565	0.526411610918389	0.543336154064858	0.545235993657931	0.524732495213146	0.557090489495606	0.657956038001983	0.776512871730061	0.705390930910859	0.582389020443861	0.578344845273531	0.566406857233953	0.554163118585044	0.594808169111636	0.589621574978691	0.678163457789791	0.541677324448069	0.756803315172033	0.581913956404265	0.624812741312123
ASTUR_1	0.574081790476911	0.604494943814965	0.60291024184677	0.620891898459867	0.547094278053053	0.452491716892087	0.482639798781746	0	0.490870922808981	0.415942882484543	0.427263337270336	0.441534568992309	0.466799715613873	0.411713591310539	0.443368426819987	0.455924013583986	0.504531254979995	0.568883268574993	0.599781066290894	0.516839242537765	0.541173216266947	0.462890813547965	0.543915755852495	0.596896703847628	0.623248783618838	0.592729057095495	0.565808320124497	0.498092717686143	0.546933232903562	0.423446558761347	0.399777723364919	0.398902272256404	0.767615549518455	0.643396867611894	0.643527133171787	0.68099451859278	0.809222520985818	0.696941463889386	0.793580710249315	0.750993170201603	0.780612289662618	0.616661092143648	0.625790454764155	0.443061635122949	0.455318106088088	0.438461272423811	0.459333917979251	0.512109913549078	0.635061257155622	0.782098341970002	0.69914996925924	0.52045398303037	0.518431245418613	0.513174896125756	0.455744894090426	0.491945654047797	0.549801051675722	0.643211369256977	0.502717161925346	0.768257067957703	0.525263042450028	0.593316724330552
ASTUR2	0.700651606376525	0.719162484832085	0.727592498629567	0.728350839926987	0.432840060967258	0.424389382319666	0.385186947880095	0.490870922808981	0	0.603994272172907	0.561443987319772	0.580817238679753	0.570180972405625	0.540458245537229	0.556871397655526	0.583570519431839	0.613911690809632	0.639107425825989	0.683631022194351	0.601194169871704	0.633874773335113	0.595253656976521	0.621933459699912	0.656511138128689	0.698525976025787	0.671561109724806	0.645224446600263	0.607613038460123	0.636975593502344	0.55483217298872	0.529170779753137	0.544435525255448	0.773464308997912	0.706239917969192	0.713777959900914	0.738894101667021	0.792719768588493	0.695586164726221	0.803443273485426	0.755529959076986	0.794140500619305	0.658272593452583	0.664511623428899	0.56341598912537	0.582162224816606	0.580255864741089	0.567334277760743	0.581527468042173	0.676485206545686	0.778329991381015	0.713735265607638	0.586236086143195	0.587486156154504	0.603641288242286	0.579447274330695	0.60827821215887	0.596583061315812	0.676860593090519	0.549966567235817	0.757963332491435	0.584789753234822	0.662464137165433
ASTUR_5	0.532642605688914	0.561836756894366	0.591941378707328	0.599979181319108	0.646182997147386	0.547869983429308	0.581257254003946	0.415942882484543	0.603994272172907	0	0.408009176350586	0.41054813370189	0.426424107442849	0.406665888461586	0.400699481744695	0.426301483174951	0.437819046541828	0.539401193673283	0.562294220112249	0.45919495568094	0.482881595504372	0.467927962864705	0.493599919651661	0.531146491058951	0.559050707974337	0.488415475316519	0.51915837901605	0.463027187904625	0.519012966170948	0.433229776931998	0.422494724167101	0.425042222765186	0.768242736180648	0.650012710143939	0.612104395753294	0.673950849104875	0.837535413621865	0.706207923197261	0.774379708910554	0.739721035611747	0.775840518224756	0.654490929113071	0.59935523355226	0.444613995380525	0.437955683432275	0.422678073777732	0.478201814065374	0.514528757924556	0.591658270384505	0.800018014173774	0.683083993629384	0.518287027325583	0.533908259031825	0.494822309751527	0.459133175267885	0.490586403273256	0.546212584436951	0.615554702006842	0.510157502883495	0.774922419077669	0.533155136475977	0.564008378189053
HF_1	0.535266523275823	0.571172431865883	0.563517946352873	0.579641944576939	0.594379367901433	0.503323008693433	0.519130649793658	0.427263337270336	0.561443987319772	0.408009176350586	0	0.318901387500309	0.367064106423197	0.328426580172217	0.323233709849765	0.354242774728623	0.469350353388932	0.55507063679885	0.574350234691881	0.472209531565867	0.506696090790892	0.467416750339737	0.506929054625523	0.588005209423128	0.582818825593716	0.565543569434371	0.537008338629549	0.445783828519107	0.542203798592537	0.451957290839	0.441109205551115	0.429238466856992	0.766733692535946	0.643634619133699	0.63269616408455	0.67290763630344	0.850225151104507	0.680978389064664	0.787933941270919	0.744326558184595	0.803942275205681	0.613689566341402	0.609694794764058	0.380338106195484	0.372070422283687	0.35247918313212	0.42171568466796	0.503449880187984	0.604470875004015	0.80250869573705	0.693820664188602	0.520379010951173	0.515752386335708	0.466716035455316	0.437992014936653	0.464221393178904	0.53171702987414	0.627154394240947	0.473389009752186	0.763046601920263	0.506464725415025	0.560444939681767
HF_2	0.516283196358589	0.542250212817832	0.528372948361645	0.555615631084144	0.634873116793942	0.522856005648601	0.535503821822709	0.441534568992309	0.580817238679753	0.41054813370189	0.318901387500309	0	0.364925125771286	0.295727593423898	0.294321188532825	0.331066351792554	0.439088425162525	0.570402989811135	0.569522503283619	0.482175413180196	0.486459881833007	0.479422025171133	0.530572747324561	0.591097589756106	0.58124409078953	0.55326062173643	0.538604675707793	0.431642826746639	0.529780750083791	0.452745068242761	0.441995575669536	0.425493318034037	0.749714168440736	0.6045560797053	0.583310884268043	0.632402300245782	0.830396677865545	0.662575971511246	0.746898701607438	0.727009847827895	0.76529662631459	0.597676680014715	0.569316930333748	0.375881640563708	0.332641330466323	0.346578069947272	0.413594763930715	0.497047655340586	0.592514283588602	0.79575673852758	0.686503061397602	0.498728568009756	0.511748535916692	0.421448737839689	0.430374592886906	0.427891568573526	0.514651684639006	0.604155354567707	0.442395040429225	0.763163989178332	0.499538227565061	0.552765753961374
HF_3	0.550291642857341	0.562421572930526	0.568470888836474	0.595871034958582	0.637040179847914	0.553330958312514	0.532771822419549	0.466799715613873	0.570180972405625	0.426424107442849	0.367064106423197	0.364925125771286	0	0.320061470358675	0.368983106225016	0.372056805068861	0.471151412150481	0.531970230348176	0.523591107725598	0.481689841981294	0.450903076134086	0.468924444306148	0.485873074779234	0.547825461121178	0.537393720122756	0.533020165836552	0.488192252393991	0.442949907483893	0.536154175400351	0.491492449114892	0.440679842060486	0.474187614069376	0.777169764485884	0.633658477213816	0.642194376441679	0.681816220940347	0.808425525217615	0.673435931800666	0.780848372517924	0.741782662941566	0.795517391377447	0.612776760847657	0.595980784693743	0.371485970568821	0.388579605233449	0.386554382783279	0.440779328569752	0.48319040768063	0.570622395621729	0.760083621960295	0.667833858628555	0.484514987957938	0.516039584606415	0.411165268763933	0.42885598112026	0.464407054523637	0.47165170607446	0.594548281583605	0.476655001578549	0.735833089973082	0.455387706331918	0.554663880600634
HF_4	0.529343722625119	0.531725036391538	0.532007949707653	0.566780445136921	0.619804558123575	0.517406784504595	0.518030078219665	0.411713591310539	0.540458245537229	0.406665888461586	0.328426580172217	0.295727593423898	0.320061470358675	0	0.319759321303121	0.359119950293236	0.442522038223217	0.546853765781061	0.551130845933393	0.452974817741949	0.478806660278772	0.459718739536714	0.506236649275687	0.581743416026718	0.566078639803954	0.552607449606208	0.528588535932329	0.420932679463003	0.499483502741833	0.468581157666292	0.415313038916767	0.440305432854169	0.762625318984951	0.616768511885425	0.603467462057265	0.643856510216235	0.829210760991265	0.672167035573545	0.768720175396675	0.728759490638983	0.77884770284413	0.598190032890328	0.568310465325019	0.335673931132186	0.351860382349664	0.326074849368081	0.415830932045877	0.485934171167495	0.562453406787808	0.786257182611811	0.674747830146013	0.483266189942851	0.507724305790245	0.437408586616819	0.422641407074069	0.447771910702523	0.497200441255529	0.5937820696087	0.454371621194879	0.755069956458297	0.469483119392315	0.534813557702814
HF_5	0.533855361879596	0.560731927647045	0.554483158808449	0.583184266642972	0.609493082656182	0.525168792699807	0.531111860520541	0.443368426819987	0.556871397655526	0.400699481744695	0.323233709849765	0.294321188532825	0.368983106225016	0.319759321303121	0	0.34176854198758	0.440369067895742	0.559484406301528	0.575918436249661	0.475099207322675	0.446570015422633	0.475454959854777	0.507206530674596	0.565781609947721	0.570065886900974	0.530148301672512	0.518448336088781	0.452976931067355	0.544512294764497	0.472672197414863	0.448841493782163	0.446049994275111	0.746916422414582	0.598679698740246	0.581970100691402	0.63556638541051	0.835756869826676	0.648951060854335	0.749367049923505	0.73657285794514	0.75318629007342	0.599400175265082	0.568736129811535	0.37569351230441	0.387063045074501	0.372639685544807	0.449822658721033	0.513699327678882	0.607155643592165	0.792192799804118	0.701414266294843	0.527066000373495	0.523377760401481	0.465931069593	0.442127879873289	0.477507379743779	0.511405575429782	0.599310683176545	0.482313215434185	0.763371086071114	0.498339787067849	0.580975813131768
HF_6	0.531201614821448	0.575609117660568	0.572224439454113	0.581048701109087	0.630499737712328	0.523719915019922	0.530329635165001	0.455924013583986	0.583570519431839	0.426301483174951	0.354242774728623	0.331066351792554	0.372056805068861	0.359119950293236	0.34176854198758	0	0.460149940276766	0.561934084074791	0.579522191878079	0.491657517583652	0.482952717683519	0.490895029487377	0.538265592296444	0.591771395751408	0.596494020000002	0.567063865158191	0.55480092763188	0.476493804417871	0.551228332474474	0.479268180823189	0.446120325756415	0.428894024149394	0.759499544360922	0.631431158131319	0.607132102642255	0.654814617281263	0.83447446697318	0.65301053027153	0.763393497382762	0.726857044271512	0.771240803361786	0.627725359519525	0.592062547210076	0.376248094571222	0.371153776240215	0.367825935856329	0.446313500955376	0.495028737859079	0.601310823797448	0.802128216276788	0.697315011406328	0.52408925140506	0.529922198990713	0.467253161976361	0.455585682449092	0.488273919631715	0.533980202199499	0.603042664345843	0.486114093069251	0.774330248489185	0.518682903609208	0.587160342617685
D10	0.545301455583206	0.583068907539594	0.634782908087511	0.626836842831002	0.661288741789842	0.593021946182899	0.604501100943904	0.504531254979995	0.613911690809632	0.437819046541828	0.469350353388932	0.439088425162525	0.471151412150481	0.442522038223217	0.440369067895742	0.460149940276766	0	0.393006766944874	0.464066309897857	0.350065888913247	0.376763541919606	0.359887081292716	0.397227383052588	0.423100456676897	0.459730701393673	0.394862998754485	0.40039890189225	0.40030433916696	0.453097040932966	0.530048136551328	0.511133818180781	0.513363547350288	0.752498354035073	0.659332331978242	0.626377593676836	0.689619256667803	0.837035947360819	0.676588942418157	0.752526127386671	0.718243866725691	0.748871170587904	0.665998290350136	0.619710218510405	0.440424949832724	0.475821327595516	0.464049798142725	0.462636398903394	0.489097286939163	0.572139660079939	0.754628386017038	0.665261409087309	0.507673346109922	0.527273734428261	0.452766407598627	0.431089221718675	0.488016673725118	0.472363667958434	0.593279749430408	0.461986091418856	0.725821948437388	0.478075230464556	0.568836604686407
D11	0.63628151982708	0.687829069156439	0.725002081313953	0.71420269814502	0.676622045400713	0.661315306793763	0.618574971532447	0.568883268574993	0.639107425825989	0.539401193673283	0.55507063679885	0.570402989811135	0.531970230348176	0.546853765781061	0.559484406301528	0.561934084074791	0.393006766944874	0	0.435467544265368	0.406741336837597	0.469090448122233	0.412651920662223	0.404988206184658	0.432569627951466	0.431788498455398	0.449920354314911	0.390148263829428	0.473406744014921	0.499002552224593	0.622440045473789	0.603066417187754	0.587017096472193	0.756159610160974	0.762747758574807	0.717516115908736	0.764667273022441	0.797116367142339	0.733597047001575	0.759889643270776	0.73815486317575	0.756152885401349	0.736562569682	0.725829910007859	0.561330570204562	0.582779852181696	0.569222420320775	0.556671920364814	0.55425423081779	0.608908898199775	0.739608922846294	0.680581095503467	0.560046723670403	0.57956764972709	0.525411785882758	0.524335556359734	0.572337601644589	0.531232298698803	0.650925175235205	0.539259805973672	0.724593352946833	0.557561112963127	0.57905782062296
D12	0.658706272743887	0.722037347357099	0.747831669058731	0.745346781437281	0.704283763746072	0.6925969966569	0.65292350560837	0.599781066290894	0.683631022194351	0.562294220112249	0.574350234691881	0.569522503283619	0.523591107725598	0.551130845933393	0.575918436249661	0.579522191878079	0.464066309897857	0.435467544265368	0	0.456794068911897	0.467320974541055	0.491472770098284	0.48024518075519	0.510435552589696	0.376656895591469	0.501581539929149	0.408499167360683	0.494375713326171	0.518864284634859	0.637558641876817	0.623335528567462	0.618581834651028	0.806662361057646	0.796207305606371	0.761998064755998	0.80870312213865	0.826500870865183	0.789238472262871	0.805907977683505	0.808977169457536	0.815033823216472	0.773670122782735	0.749561623164038	0.566826878655488	0.581968394634609	0.573360298997343	0.574095981504456	0.570293646917087	0.644088421247762	0.797160085170881	0.710485422849483	0.582378753909176	0.615524777523264	0.507961655006725	0.573826610565955	0.592332032585889	0.531986030760156	0.658379469347125	0.563879044310994	0.779378494203252	0.559116872687321	0.629931220088702
D13	0.595244042438981	0.623218808769041	0.659011039658132	0.642998039694973	0.638587000223724	0.582952065449411	0.583562608199272	0.516839242537765	0.601194169871704	0.45919495568094	0.472209531565867	0.482175413180196	0.481689841981294	0.452974817741949	0.475099207322675	0.491657517583652	0.350065888913247	0.406741336837597	0.456794068911897	0	0.40963302637169	0.345911761857672	0.381076968130201	0.428060362374093	0.446234159461396	0.415150287603399	0.404635351501226	0.384509892234453	0.435348371187098	0.534551632926617	0.516818345830625	0.525319707679081	0.729563955822952	0.680649923218276	0.643878109106897	0.698564791363589	0.790493731592613	0.687422878437038	0.756579116546554	0.704673803217083	0.744073539684175	0.652829003722441	0.655891296507672	0.46064692370032	0.493583543012083	0.489148944480566	0.459499865898452	0.48636069082584	0.548594605028591	0.743015620516003	0.632098043291723	0.486814349469399	0.517588947993321	0.451043005692323	0.446149606353916	0.497677051793142	0.469178056194545	0.582596437335442	0.466308446794783	0.703071187114774	0.479867012020917	0.520080892847702
D1	0.568115144372231	0.614139298327622	0.629269795517828	0.627785159524429	0.68076987663871	0.603799853618772	0.612658649002898	0.541173216266947	0.633874773335113	0.482881595504372	0.506696090790892	0.486459881833007	0.450903076134086	0.478806660278772	0.446570015422633	0.482952717683519	0.376763541919606	0.469090448122233	0.467320974541055	0.40963302637169	0	0.432718579030738	0.366767166974188	0.456334974427364	0.458988884551408	0.414957382327531	0.420479087640615	0.442332901333713	0.489687950088262	0.538624487277053	0.532217934932248	0.532693903429856	0.777319878710154	0.683410570850532	0.634928200250745	0.6995876212442	0.832126733102706	0.668709491943829	0.770672354142621	0.755973184038011	0.769360740151937	0.702320106540546	0.626492235360518	0.4932377131072	0.500749832458526	0.511891262473143	0.526220178810524	0.513012562595236	0.59082267795787	0.756509563118803	0.689605903856767	0.519925847925472	0.546959384545054	0.444471612357879	0.491327695195121	0.525030100492066	0.461143436871989	0.560138820640993	0.51308201290693	0.719016270001165	0.482483714523206	0.5802856051435
D3	0.572118664726383	0.632882485293186	0.647415263071898	0.631413297321272	0.642516311749884	0.577531433317879	0.570660741174723	0.462890813547965	0.595253656976521	0.467927962864705	0.467416750339737	0.479422025171133	0.468924444306148	0.459718739536714	0.475454959854777	0.490895029487377	0.359887081292716	0.412651920662223	0.491472770098284	0.345911761857672	0.432718579030738	0	0.394580926174038	0.436999359698086	0.483928423774823	0.458480978334762	0.419097966466361	0.396544748373337	0.441211653271125	0.535610868900337	0.498940265982858	0.514978943211978	0.738261073938317	0.663993303689591	0.644859625546647	0.690218246063654	0.797579386227699	0.678323998218327	0.765943933621777	0.70145691662492	0.762576956337137	0.629041212336042	0.630821006753297	0.455435531205196	0.47655550177424	0.463895723890486	0.4520055095852	0.454697471459269	0.553944267861817	0.745276525222676	0.637223247215214	0.483576956593983	0.487550040153913	0.42946011861433	0.404961950312851	0.48067765390321	0.474152403024059	0.594721014418082	0.466224831560681	0.721475385855036	0.470289073408228	0.531141484540165
D4	0.597580772311397	0.625421125029865	0.675961636944384	0.664306211983196	0.675747627904277	0.642978740938168	0.597045169171511	0.543915755852495	0.621933459699912	0.493599919651661	0.506929054625523	0.530572747324561	0.485873074779234	0.506236649275687	0.507206530674596	0.538265592296444	0.397227383052588	0.404988206184658	0.48024518075519	0.381076968130201	0.366767166974188	0.394580926174038	0	0.411305701954178	0.417082859552274	0.391542019332306	0.341507709251488	0.434689644870285	0.468075513246866	0.578183509241366	0.547971017671397	0.546432544313886	0.731053042395829	0.729249141340359	0.67259875862488	0.748375113482772	0.77205953122657	0.727021010746487	0.766371226570701	0.695968902264778	0.767279493383421	0.698358413516184	0.693754853334922	0.522780840892253	0.533377473560798	0.525249547671656	0.512563952586475	0.5131506950364	0.548536461614657	0.718424422342054	0.62675900746482	0.499184416334033	0.532677342140964	0.455012963668413	0.504189374700325	0.542421199509408	0.448948508847626	0.583795278507876	0.514387879581718	0.686797864678449	0.46523819418289	0.523011379853489
D6	0.656562312250118	0.714391605746737	0.751694617186526	0.734008825546297	0.689968865677042	0.67766011300023	0.643321462910576	0.596896703847628	0.656511138128689	0.531146491058951	0.588005209423128	0.591097589756106	0.547825461121178	0.581743416026718	0.565781609947721	0.591771395751408	0.423100456676897	0.432569627951466	0.510435552589696	0.428060362374093	0.456334974427364	0.436999359698086	0.411305701954178	0	0.473923410918565	0.311024199283913	0.437908728507673	0.477610577838109	0.467173006060256	0.632422116264264	0.617939354437401	0.609275226141663	0.747289089243549	0.761863766993106	0.728432497373579	0.774940555593509	0.779885102928597	0.749103598501523	0.765477377165776	0.725997761000188	0.778998434334758	0.755729761433036	0.729421409828587	0.576342684909352	0.6038660178163	0.588128129070939	0.565693861300539	0.564631895599067	0.592308270650762	0.71207115160486	0.63687163112631	0.552556558423353	0.58616919802467	0.530631550887646	0.535212852393898	0.601592745528815	0.52591180444892	0.617348003135757	0.563155562347242	0.70871904550609	0.525463920760114	0.579685277022059
D9	0.668770224417188	0.710581160906489	0.740837390774735	0.730847946202656	0.73288906308505	0.693882129155019	0.679373395426502	0.623248783618838	0.698525976025787	0.559050707974337	0.582818825593716	0.58124409078953	0.537393720122756	0.566078639803954	0.570065886900974	0.596494020000002	0.459730701393673	0.431788498455398	0.376656895591469	0.446234159461396	0.458988884551408	0.483928423774823	0.417082859552274	0.473923410918565	0	0.466067953173493	0.375430824754339	0.510856235293285	0.516888424453771	0.663701457179428	0.620508539626531	0.625214299270765	0.793530178484164	0.797262405663421	0.748455541309953	0.807031524995192	0.81177101775683	0.793467432285501	0.791104129825658	0.776566509529761	0.798288840445273	0.762779977473881	0.75071054687341	0.570559313144892	0.588303718743149	0.583386377151459	0.578194599351839	0.588580848488042	0.645147182137721	0.740779028104227	0.687813793086612	0.57712111339456	0.623707169724683	0.51610413588992	0.569485948267644	0.602226105178272	0.52582879461071	0.678881655211265	0.579525588338918	0.721931810417793	0.535717457298302	0.61442752211574
DA	0.614063264864065	0.672887971704412	0.698759264150079	0.696399913915962	0.70038169517397	0.662036004958869	0.653596784098806	0.592729057095495	0.671561109724806	0.488415475316519	0.565543569434371	0.55326062173643	0.533020165836552	0.552607449606208	0.530148301672512	0.567063865158191	0.394862998754485	0.449920354314911	0.501581539929149	0.415150287603399	0.414957382327531	0.458480978334762	0.391542019332306	0.311024199283913	0.466067953173493	0	0.405684983028456	0.4623673470664	0.470280545439426	0.601210783009388	0.592720448383088	0.581887626754587	0.753305836893416	0.739085343923264	0.681682210731042	0.737607082614704	0.796222098734346	0.724510214398233	0.76517392634751	0.727006609637703	0.771606708299205	0.742838683852193	0.682136423846128	0.557418977938004	0.577571184200717	0.581118372762147	0.562026631785769	0.557829391712054	0.579422666954673	0.738050032355067	0.646088834164518	0.533401687609937	0.583660880931031	0.491748658709777	0.52150641693986	0.573218651306022	0.50810573309919	0.581056013017358	0.553938129916511	0.713067498558756	0.516706772751948	0.57143574265675
D8	0.613193604040993	0.670984215977464	0.705101522491862	0.695578775815009	0.686918473657606	0.661177663685413	0.635268183773489	0.565808320124497	0.645224446600263	0.51915837901605	0.537008338629549	0.538604675707793	0.488192252393991	0.528588535932329	0.518448336088781	0.55480092763188	0.40039890189225	0.390148263829428	0.408499167360683	0.404635351501226	0.420479087640615	0.419097966466361	0.341507709251488	0.437908728507673	0.375430824754339	0.405684983028456	0	0.454227337294208	0.478879403453795	0.607842604547908	0.577434264875361	0.579630907053024	0.775912509260034	0.744549258963765	0.71549369684909	0.768855186620887	0.797700635345251	0.741521062133704	0.777780217824836	0.739764237636825	0.782828435029913	0.722754153065845	0.717012948901429	0.526433211684471	0.556117353188238	0.548512514584458	0.522927883743407	0.541698948470437	0.582430856282501	0.737816192463394	0.659940512737285	0.541714483097006	0.551708623645075	0.467840063838667	0.506015862847401	0.572332087163588	0.463661450571614	0.622868716442474	0.525270198313712	0.707607450467186	0.487180301707176	0.576989716659911
DC	0.556719565979938	0.593140989791665	0.613829536415541	0.606550001283221	0.653267556420303	0.594440517884956	0.565707070508353	0.498092717686143	0.607613038460123	0.463027187904625	0.445783828519107	0.431642826746639	0.442949907483893	0.420932679463003	0.452976931067355	0.476493804417871	0.40030433916696	0.473406744014921	0.494375713326171	0.384509892234453	0.442332901333713	0.396544748373337	0.434689644870285	0.477610577838109	0.510856235293285	0.4623673470664	0.454227337294208	0	0.366833237004045	0.535234268011778	0.524779190610437	0.501016263236142	0.754751008952151	0.669608632964351	0.640976210893967	0.676917895315642	0.814755462001842	0.686927455397054	0.769643000244466	0.722339892387481	0.774005449374415	0.646306471300264	0.625501680719361	0.435140372699644	0.439621631153453	0.426618532538218	0.442388226947166	0.469135927850054	0.547472316803313	0.753542026926848	0.639472094551911	0.472264751832747	0.518953702825497	0.407718363181404	0.405741734405921	0.461762943531064	0.464363024562569	0.592758960530424	0.445225374649107	0.727176727586998	0.445527875614242	0.534318332709962
DD	0.600822981382932	0.642124223682861	0.666092855704146	0.65656564457639	0.66601757243252	0.636159074297887	0.599966628524323	0.546933232903562	0.636975593502344	0.519012966170948	0.542203798592537	0.529780750083791	0.536154175400351	0.499483502741833	0.544512294764497	0.551228332474474	0.453097040932966	0.499002552224593	0.518864284634859	0.435348371187098	0.489687950088262	0.441211653271125	0.468075513246866	0.467173006060256	0.516888424453771	0.470280545439426	0.478879403453795	0.366833237004045	0	0.582802560470202	0.563037231187244	0.567847147177089	0.771136629143932	0.707780520830376	0.682559594021634	0.728027399154211	0.809757047833446	0.720718176952013	0.783644941075482	0.722388135517057	0.78831507202377	0.686400348574206	0.676940874410044	0.521260191118041	0.526107855037138	0.52370864188848	0.48536060367222	0.502082352874691	0.585372834268172	0.747817227496339	0.654605893969478	0.508923712527024	0.554303994167757	0.495225709482172	0.478965036468131	0.52955972533387	0.515134031179205	0.607268241266232	0.518467163887831	0.722169162126748	0.510187176314884	0.559870588352507
ASTUR_7	0.581690992149779	0.617337301081889	0.6354112105396	0.634147841448107	0.593457982329528	0.503499717647413	0.537388692387522	0.423446558761347	0.55483217298872	0.433229776931998	0.451957290839	0.452745068242761	0.491492449114892	0.468581157666292	0.472672197414863	0.479268180823189	0.530048136551328	0.622440045473789	0.637558641876817	0.534551632926617	0.538624487277053	0.535610868900337	0.578183509241366	0.632422116264264	0.663701457179428	0.601210783009388	0.607842604547908	0.535234268011778	0.582802560470202	0	0.342095064677269	0.322705343433127	0.771820009633516	0.633302624921675	0.624573429888861	0.67230833825999	0.835238929906759	0.687120444183268	0.785498390623705	0.749617196275496	0.80644251202234	0.632448148453492	0.585075482824226	0.461099360939925	0.45776651122867	0.455261290071366	0.470723552704263	0.502424347424304	0.621126530113362	0.782765792962815	0.694161668497207	0.524088893016921	0.520169361770794	0.498626313060893	0.483781748544797	0.482438794210557	0.559374768473064	0.606873327910294	0.506712247955495	0.768324887390639	0.539504145508822	0.583772718102997
ASTUR_8	0.570322666458059	0.600184137925294	0.605037536941059	0.626095436761783	0.583142357838398	0.498043524153816	0.499359859905851	0.399777723364919	0.529170779753137	0.422494724167101	0.441109205551115	0.441995575669536	0.440679842060486	0.415313038916767	0.448841493782163	0.446120325756415	0.511133818180781	0.603066417187754	0.623335528567462	0.516818345830625	0.532217934932248	0.498940265982858	0.547971017671397	0.617939354437401	0.620508539626531	0.592720448383088	0.577434264875361	0.524779190610437	0.563037231187244	0.342095064677269	0	0.341745197641753	0.780089303033396	0.635076399808898	0.635458316558576	0.681729675956228	0.832806338986739	0.687225322565123	0.785767055564068	0.737015281587633	0.796248854172161	0.622286310501745	0.594051416291734	0.411551966573777	0.420605433985584	0.408768650385909	0.450719797440345	0.480523426989754	0.595541733515468	0.783102986200064	0.688892538446513	0.496974067572359	0.500451305921586	0.463645877925651	0.427109243292005	0.459743949813643	0.535740141688183	0.612559071287922	0.480424705587411	0.750687731697008	0.513480422197007	0.551885698063962
ASTUR_9	0.561434723799101	0.586799680698781	0.601667886718665	0.614844878793105	0.590589611650096	0.509021116686842	0.51549574059694	0.398902272256404	0.544435525255448	0.425042222765186	0.429238466856992	0.425493318034037	0.474187614069376	0.440305432854169	0.446049994275111	0.428894024149394	0.513363547350288	0.587017096472193	0.618581834651028	0.525319707679081	0.532693903429856	0.514978943211978	0.546432544313886	0.609275226141663	0.625214299270765	0.581887626754587	0.579630907053024	0.501016263236142	0.567847147177089	0.322705343433127	0.341745197641753	0	0.752120903842612	0.630420843816143	0.60690431254592	0.666994395984658	0.808747175291013	0.685036390981936	0.769035548805644	0.731823464411107	0.780620901292591	0.614489615033133	0.586909236094117	0.422867543681501	0.410579186983659	0.396320680509362	0.440850410008509	0.476744217294722	0.591427973478736	0.770409121154952	0.674693925360153	0.502300091954123	0.498019269913636	0.477238148872833	0.458997873773629	0.474544927770941	0.539966117018497	0.595036883562728	0.486098463966096	0.748943211549832	0.512080708679226	0.554440869171096
J1	0.769835528121054	0.745847879554429	0.77715401078127	0.762664105489175	0.77445799265851	0.7646719883261	0.763262799066045	0.767615549518455	0.773464308997912	0.768242736180648	0.766733692535946	0.749714168440736	0.777169764485884	0.762625318984951	0.746916422414582	0.759499544360922	0.752498354035073	0.756159610160974	0.806662361057646	0.729563955822952	0.777319878710154	0.738261073938317	0.731053042395829	0.747289089243549	0.793530178484164	0.753305836893416	0.775912509260034	0.754751008952151	0.771136629143932	0.771820009633516	0.780089303033396	0.752120903842612	0	0.595407658588796	0.576890773388578	0.530254488346553	0.429286041982946	0.598750425053788	0.410464167673881	0.401425987602938	0.463866519332405	0.604641252789187	0.587007337173015	0.739884126612344	0.745413727113281	0.73285651629868	0.728337916607355	0.736246636349356	0.653285666966456	0.688255450512909	0.650993229302408	0.742738882144483	0.704423219059058	0.750348301610138	0.751206707559323	0.757434622929545	0.753995537275917	0.639315602954402	0.718352668209825	0.667267876758393	0.751499092473093	0.624843477166532
J10	0.677477592372538	0.670506340395441	0.645910395226758	0.664332481657426	0.732332578540198	0.664151890847404	0.679996377343067	0.643396867611894	0.706239917969192	0.650012710143939	0.643634619133699	0.6045560797053	0.633658477213816	0.616768511885425	0.598679698740246	0.631431158131319	0.659332331978242	0.762747758574807	0.796207305606371	0.680649923218276	0.683410570850532	0.663993303689591	0.729249141340359	0.761863766993106	0.797262405663421	0.739085343923264	0.744549258963765	0.669608632964351	0.707780520830376	0.633302624921675	0.635076399808898	0.630420843816143	0.595407658588796	0	0.403687675231483	0.433090060540622	0.652363789188422	0.449147894823407	0.619617322191999	0.556179027919719	0.613710467566529	0.426441386388409	0.373328436418461	0.600223397222935	0.612426702015693	0.601748524096355	0.637496521630236	0.643897983019226	0.698891971441934	0.847264890093093	0.756635386914052	0.670079123965835	0.655059134798218	0.65268225700069	0.635111200310831	0.640389381793922	0.680908888964059	0.651291258780882	0.643490292644229	0.817512616693491	0.67078227122359	0.683554445302768
J11	0.632541944819886	0.621289608611253	0.633158055131848	0.630239177844976	0.749462447189564	0.663053230960887	0.700405974693332	0.643527133171787	0.713777959900914	0.612104395753294	0.63269616408455	0.583310884268043	0.642194376441679	0.603467462057265	0.581970100691402	0.607132102642255	0.626377593676836	0.717516115908736	0.761998064755998	0.643878109106897	0.634928200250745	0.644859625546647	0.67259875862488	0.728432497373579	0.748455541309953	0.681682210731042	0.71549369684909	0.640976210893967	0.682559594021634	0.624573429888861	0.635458316558576	0.60690431254592	0.576890773388578	0.403687675231483	0	0.452295588203422	0.65782780069831	0.515301270886141	0.589337430240963	0.544157359847201	0.573768711033567	0.454544088383647	0.397272486758659	0.601577199888463	0.60398207530212	0.617136809560032	0.638041626421214	0.635424290444583	0.620440361768153	0.797914912907502	0.706349433353791	0.661417967521884	0.651911272062164	0.635480503804302	0.645199421947291	0.644406262712232	0.670189743353346	0.611912744230884	0.642465790444422	0.760827433484401	0.671430017894912	0.625448987380846
J2	0.671382225712201	0.665771502833517	0.660098826983466	0.667237561252486	0.754743515660574	0.689354003032109	0.705374649722698	0.68099451859278	0.738894101667021	0.673950849104875	0.67290763630344	0.632402300245782	0.681816220940347	0.643856510216235	0.63556638541051	0.654814617281263	0.689619256667803	0.764667273022441	0.80870312213865	0.698564791363589	0.6995876212442	0.690218246063654	0.748375113482772	0.774940555593509	0.807031524995192	0.737607082614704	0.768855186620887	0.676917895315642	0.728027399154211	0.67230833825999	0.681729675956228	0.666994395984658	0.530254488346553	0.433090060540622	0.452295588203422	0	0.59075870557522	0.455591691497968	0.547764953788366	0.505062678841524	0.605614051777686	0.47532975364839	0.412584095836594	0.620002668376273	0.635288455206344	0.635736751547578	0.669632975985343	0.656152471618911	0.699044675993866	0.859220333853407	0.772134304577794	0.703192493406284	0.684398177398422	0.677222587551063	0.673377332494407	0.674368113142164	0.719113068823889	0.663282987396709	0.677919609578306	0.81711649279788	0.708919856532787	0.696621580702762
