A1	A2	A3	A4	ASTUR3	ASTUR4	ASTUR6	ASTUR_1	ASTUR2	ASTUR_5	HF_1	HF_2	HF_3	HF_4	HF_5	HF_6	D10	D11	D12	D13	D1	D3	D4	D6	D9	DA	D8	DC	DD	ASTUR_7	ASTUR_8	ASTUR_9	J1	J10	J11	J2	J3	J4	J5	J6	J7	J8	J9	S1	S2	S3	W13	W16	W10	W11	W12	W14	W15	W1	W2	W3	W4	W5	W6	W7	W8	W9
A1	0	0.954767723907453	0.875721380255272	0.879595466100146	0.970527398467255	0.947469478841094	0.992359688082842	0.938430067356854	0.995890592111918	0.971557319210191	0.95462661698517	0.950059673173167	0.984801862384952	0.992666407892362	0.986067938301029	0.997031182579533	0.773857642552557	0.171526423378892	0.995574314390669	0.315826767568752	0.880741104214049	0.150377398773279	0.411029670848499	0.533549367041057	0.816931235020627	0.304716853246381	0.314166730003768	0.938174467875476	0.967591949577083	0.984397523176135	0.990627584487473	0.9986236424818	0.976919936093838	0.961472508989176	0.976002756324503	0.978099303529298	0.993322494222483	0.990145095136787	0.989078607891879	0.982903149155156	0.991065449065389	0.970080346867737	0.946734865005867	0.976549744754169	0.962745076813077	0.951893916952451	0.898386151780207	1.00148655591483	0.993575472041952	0.976165692513168	0.998187331294039	0.962569727435721	0.941591181637272	0.966988600486037	0.952215023472706	0.997733777918627	0.993571397358712	1.0000473925833	0.975106076756045	0.991447240470415	0.999137958633853	0.991374226336041
A2	0.954767723907453	0	0.750670784119375	0.773130920312621	0.75691050689073	0.945397573050074	0.985869799257545	0.806370640618664	0.99009868377557	0.935472327317705	0.967768929614799	0.925989276774094	0.970355010067834	0.989328414195787	0.979448924910407	0.995161161748749	0.935675530265337	0.972546750207622	0.995023828122813	0.959884964833674	0.983697324110365	0.990442039884338	0.836139257458594	0.957562381801852	0.862145748268236	0.925203783262012	0.803823492453575	0.915815275281578	0.966410604799776	0.902201015326182	0.971105019801147	0.943040106735748	0.883292166680915	0.942129639305259	0.799138973629305	0.954681595501599	0.760382958380837	0.990935032040564	0.792573868306352	0.898973802597862	0.898645339128279	0.955690509022857	0.893108222845563	0.974928415852217	0.970055451385344	0.959438555242086	0.902106734826856	1.00181488723895	0.80769798431367	0.712681732682952	0.912020859175501	0.964949063118688	0.946988362330165	0.969000468689672	0.954916841632073	0.998029302394632	0.989728735822569	0.981927949823156	0.882039556933059	0.867937938448326	0.996415920577293	0.870736062417564
A3	0.875721380255272	0.750670784119375	0	0.0807856752749989	0.898804357422887	0.825647224292248	0.97037985510848	0.79736442668197	0.982498604363316	0.946450495580862	0.905224539829423	0.856920393679101	0.944804110535336	0.977858332400594	0.949530589167054	0.987929287915324	0.939397736855943	0.978288137364024	0.989220410560635	0.931809718977434	0.962961340053235	0.973928624258747	0.966378797088785	0.981792045171727	0.947291030467963	0.979301844420142	0.921876880609936	0.833881225908513	0.915570845234832	0.952988977538841	0.96846793768611	0.99450930838155	0.853608590984204	0.825495399013641	0.700578574199335	0.879358364193045	0.962053567611266	0.970996947932867	0.894851497820434	0.914542982234655	0.922717333247251	0.918528201258494	0.742407967654576	0.911694378937712	0.890778849168736	0.884640076606698	0.692135687234076	1.00266655721284	0.872973946494962	0.9957560771608	0.99577052026604	0.8970323147574	0.833488582584187	0.903636641343028	0.853386384564943	0.992630332678467	0.974524638667572	0.991693990798731	0.927184319084001	0.991666273096952	0.994629654160233	0.955401106930084
A4	0.879595466100146	0.773130920312621	0.0807856752749989	0	0.916515574663057	0.848960900417791	0.976928434614009	0.806720451838837	0.986505592336077	0.953971003046996	0.920204881077855	0.87386921155487	0.955035807120031	0.97956159563181	0.957755809195439	0.988357148294402	0.941513263473165	0.977341687582283	0.988638217958943	0.933367472803435	0.966232639190277	0.974814927958615	0.967342064185894	0.981837029321637	0.953259466649435	0.980678552759856	0.927642691847098	0.838784299918182	0.924797223133223	0.955992242878727	0.974365850568224	0.995403116808902	0.854243276150489	0.841325085237218	0.692915055800121	0.891952883138978	0.960398567811777	0.974673907388901	0.89547685320291	0.908256688714488	0.91905256195762	0.930616222874244	0.762034372884779	0.909599688830576	0.89576671273242	0.876436856570246	0.736921877008061	1.00287767104187	0.874256150867866	0.99482375014274	0.993191781205964	0.912700110726525	0.861291309652622	0.920358005310927	0.872106090661249	0.994128331938875	0.976952271132008	0.991614740751833	0.933770074090264	0.990894797088021	0.994770477845353	0.953607758634995
ASTUR3	0.970527398467255	0.75691050689073	0.898804357422887	0.916515574663057	0	0.296862790640711	0.799834011769774	0.53706955116918	0.811721846389279	0.923256589529235	0.763135429937511	0.75604206804824	0.849890250972853	0.88419846503303	0.874820818168677	0.966913538169399	0.897854347365519	0.97041159893595	0.977698040917411	0.919403541861378	0.938821707612461	0.985263859103951	0.883587776218536	0.951054793613511	0.886681046207976	0.939319298343831	0.847836588804113	0.77363840062755	0.909623462336004	0.852623779843176	0.892566645084002	0.95683304636329	0.944574293510993	0.852156073963916	0.877401546264175	0.865472508494242	0.872901254112621	0.944542276961004	0.913090729809378	0.942958831284017	0.931481814335176	0.860069832723066	0.784820040327305	0.844545741701765	0.846288204161189	0.85049864512313	0.65428155303912	1.00126299755042	0.890397636483402	0.836330067260007	0.957770470901435	0.837987080520543	0.752710882877157	0.862156830007973	0.826454771459475	0.988731535172228	0.953292063081357	0.991160389780663	0.802181369278582	0.929357730376094	0.977486625322266	0.919370272437312
ASTUR4	0.947469478841094	0.945397573050074	0.825647224292248	0.848960900417791	0.296862790640711	0	0.776516194904852	0.366379359374986	0.816990587789863	0.906539572561962	0.632330867177515	0.625438998442977	0.816406934676863	0.849448542024868	0.819053910257765	0.934618869901547	0.836095628713191	0.960019343828763	0.952430846225604	0.842598395037097	0.871804676066916	0.97001364424964	0.906016459513618	0.9333682888143	0.889730659491793	0.941255211212994	0.864648104755208	0.61499540018491	0.854374427613776	0.814499602485143	0.841486511027134	0.970186100474312	0.976449996514926	0.736873503502925	0.900184681946136	0.767903609799594	0.978035011223921	0.901153366795622	0.972013838612791	0.973710444214332	0.984403570373345	0.786119070316579	0.668932498596578	0.753337582179399	0.739280541784397	0.760404110626885	0.391112341426928	1.00014606712951	0.941907475938438	0.990187017335521	0.994074411574624	0.712995140172437	0.584466949593975	0.715904237513057	0.654618887517787	0.97943136240146	0.886228834802622	0.994597317778248	0.719109403968038	0.985105915341072	0.948991616455065	0.948070074593131
ASTUR6	0.992359688082842	0.985869799257545	0.97037985510848	0.976928434614009	0.799834011769774	0.776516194904852	0	0.506861912150595	0.00404785802053587	0.984735306741983	0.918099537020468	0.879077048977282	0.032635672483073	0.262240209249798	0.515547705079869	0.986851393860423	0.971463156355075	0.992918848422453	0.988669460165442	0.978563089631294	0.975073949619016	0.995433771912119	0.979815540964565	0.986931887678671	0.979248642917465	0.986551160984763	0.975464992537795	0.94720391299425	0.976010509891757	0.952043737287752	0.860538289723496	0.994037177475144	0.993627768199777	0.954698125742444	0.946864384807663	0.935814757040399	0.993790442756289	0.873856039786693	0.993664476685446	0.994451879691228	0.996998003186928	0.949485419819992	0.856930372865832	0.935475503096508	0.956536719388562	0.933571169304966	0.901653534287344	1.00031588712906	0.983374753664251	0.99464916138865	0.998044229016085	0.947361161368074	0.925892926570399	0.870126354640881	0.907717067000919	0.995114659896269	0.969187977378864	0.999319976163164	0.926646508056841	0.99649009345368	0.981106232842583	0.989351062436757
ASTUR_1	0.938430067356854	0.806370640618664	0.79736442668197	0.806720451838837	0.53706955116918	0.366379359374986	0.506861912150595	0	0.541339330170294	0.853270978267461	0.605410539028845	0.547451714667471	0.510874817177258	0.616814989486867	0.626200946910816	0.942813757588705	0.767737167570135	0.929945389510373	0.94349973711961	0.759298181526615	0.852396817372658	0.950352150321619	0.828369776581261	0.908505477645484	0.802775961880233	0.903425463078852	0.731676777229328	0.414967556513841	0.811741494316198	0.782178972803964	0.829189372811744	0.949742654253852	0.944123534522515	0.777350185239691	0.847726934531689	0.807276728256037	0.898326820669126	0.884718497386772	0.935493173912821	0.941550886359147	0.9548936494474	0.786099123887835	0.65920811209574	0.725319699876696	0.667902368634601	0.723167819805299	0.431941556843518	1.00062924381169	0.898671925699014	0.889463156836098	0.968823371758219	0.734828324298066	0.563667783731596	0.729525610508177	0.665021615787347	0.97899010682057	0.918535941824466	0.991474269549983	0.627646267369025	0.945059815781506	0.957952649997812	0.919567811408344
ASTUR2	0.995890592111918	0.99009868377557	0.982498604363316	0.986505592336077	0.811721846389279	0.816990587789863	0.00404785802053587	0.541339330170294	0	0.990404484891025	0.940138742626193	0.90125706815317	0.02974883605689	0.262114885263579	0.519425510898115	0.992938472357235	0.983334539905298	0.99607495741062	0.994389515167027	0.988010395226592	0.985466215155514	0.997514545857492	0.987461479604766	0.992181885939942	0.987567536453871	0.991177466201604	0.984921251393648	0.969898801451385	0.98598039631513	0.961256067889982	0.868489111826022	0.995806810225995	0.995393927556523	0.969054733831094	0.952478295625267	0.947416484502447	0.995247339964361	0.877157554218673	0.995855951420611	0.996553080333171	0.998013345306978	0.963008234843657	0.870792233720559	0.946194418757014	0.972493849293632	0.95125993374642	0.943775981375158	1.00031233846516	0.986832111665133	0.995661513503506	0.998466384940082	0.962503016910098	0.953385095887893	0.885757988532026	0.931460162837641	0.996390495541837	0.977786732611332	0.999643978135028	0.942295335275961	0.997402336963365	0.986876199959392	0.993190441987846
ASTUR_5	0.971557319210191	0.935472327317705	0.946450495580862	0.953971003046996	0.923256589529235	0.906539572561962	0.984735306741983	0.853270978267461	0.990404484891025	0	0.878191906610478	0.886647063310946	0.969847391278037	0.980195618583894	0.948861340828733	0.990140503005047	0.937866454142866	0.967591589752183	0.990271839044036	0.914979841836569	0.96632123145619	0.972670647147586	0.9391481869977	0.355684235426234	0.938538238453839	0.582942347423308	0.904154956603412	0.866310079808299	0.948094043633255	0.939677737466147	0.669994514432307	0.669269704943422	0.983381787308576	0.950367232061146	0.96246794742066	0.951112252397513	0.965520017514523	0.979044221573136	0.980694819166386	0.984345599693819	0.986270895816208	0.954408857977451	0.931287698041007	0.937656161078333	0.927005735516336	0.93851537644515	0.879663788310217	1.0007591345222	0.968147717967155	0.956432025844511	0.988466222012139	0.938561235521917	0.907086126964762	0.944897686669993	0.934374883333734	0.995721840581896	0.988731930155606	0.997948458225466	0.920950929426723	0.97975575228726	0.996454382681796	0.976944479621011
HF_1	0.95462661698517	0.967768929614799	0.905224539829423	0.920204881077855	0.763135429937511	0.632330867177515	0.918099537020468	0.605410539028845	0.940138742626193	0.878191906610478	0	0.542790821393876	0.873891481318537	0.879863837300325	0.745312932379622	0.942675432965251	0.863547061006477	0.941928372063155	0.968725947421337	0.841049474597391	0.910524928950681	0.959037999407667	0.923268151874474	0.922013041269408	0.902604805819714	0.933226608157189	0.859381600108957	0.539168070571519	0.884479120401284	0.825755247785672	0.932829193771231	0.983727408674325	0.98261465012762	0.820857683791976	0.944133591311335	0.729772088751721	0.990298965101351	0.81208523694025	0.980926281625393	0.983736179290606	0.994245486435358	0.825622394957688	0.791448437865653	0.251517194846929	0.453290915554735	0.757641979137677	0.56560370250127	0.998767709161607	0.956447482368974	0.99465231312749	0.994157501531735	0.799718678635875	0.62258275474662	0.797987807544222	0.785175758904749	0.98305643700921	0.958221036110739	0.995808240318478	0.731420901969704	0.992770057676106	0.979245112558006	0.956627301349563
HF_2	0.950059673173167	0.925989276774094	0.856920393679101	0.87386921155487	0.75604206804824	0.625438998442977	0.879077048977282	0.547451714667471	0.90125706815317	0.886647063310946	0.542790821393876	0	0.767501039933816	0.795449741749682	0.372886244410972	0.869388515381973	0.72640819585772	0.903647482787686	0.896412232060728	0.80789367324263	0.790613877535318	0.949511438087578	0.836935121057337	0.890924876708503	0.773697417240879	0.904573606490932	0.763047045239301	0.327155339055701	0.788275923857376	0.729012956752077	0.89553335702658	0.975317460758492	0.96810297849956	0.648038397143691	0.905014172259513	0.664504074139873	0.973837122800133	0.761157547109598	0.941575406529089	0.975001207953032	0.985396550976273	0.811899149775256	0.637688604099202	0.625676665912435	0.558303843753052	0.388053822197477	0.420737162794164	0.997711370162336	0.916511426200096	0.967595562061774	0.98790289970598	0.535581009083128	0.339605516703802	0.591369332231282	0.594082143596874	0.972346459246243	0.877889612432094	0.991914028027003	0.481188234251605	0.977822642278922	0.919195470401478	0.935172864628802
HF_3	0.984801862384952	0.970355010067834	0.944804110535336	0.955035807120031	0.849890250972853	0.816406934676863	0.032635672483073	0.510874817177258	0.02974883605689	0.969847391278037	0.873891481318537	0.767501039933816	0	0.249411416006041	0.48542292615674	0.974153620212627	0.934405893375905	0.981172250128906	0.979602384177117	0.952740033911188	0.954247221002961	0.988275048951506	0.956922690030728	0.974883643316367	0.938204310561977	0.976198434226697	0.934514559902907	0.852592144291932	0.935124625380007	0.921245460676121	0.856916455707242	0.99172481015809	0.991206988712018	0.911578653739879	0.934080886069764	0.888889504353553	0.988497673559025	0.835762941819603	0.989674571823945	0.992616321426849	0.995083917696696	0.934052237487908	0.803436459127359	0.859372281870529	0.886890401029441	0.828420216372843	0.834879448627437	0.999630045188475	0.963218811749474	0.987180188784652	0.994841673231565	0.863709152262561	0.847501287656984	0.786335206419925	0.848437914103573	0.99005195219913	0.954596409740431	0.99726134185369	0.861904450272919	0.99048629023882	0.976920777336867	0.97936734589495
HF_4	0.992666407892362	0.989328414195787	0.977858332400594	0.97956159563181	0.88419846503303	0.849448542024868	0.262240209249798	0.616814989486867	0.262114885263579	0.980195618583894	0.879863837300325	0.795449741749682	0.249411416006041	0	0.507361523931502	0.334079407645978	0.40825081621822	0.8528215001067	0.385110252029953	0.903813040163648	0.353858696228973	0.981917022479446	0.560003152809255	0.694440449983246	0.408496170486052	0.818318360823515	0.866890322322119	0.87695656329818	0.89245619560863	0.950288010340391	0.895022593330654	0.995127212729977	0.989098713882248	0.945461566731316	0.954326197875952	0.91819522752151	0.995259280442487	0.80273525686213	0.928962998491391	0.993661637603041	0.998598044284181	0.942810868935501	0.87233559728641	0.879828488575342	0.897132415965316	0.652340160921721	0.872136614471364	0.999955825066003	0.965784623471529	0.959008268466548	0.991675876233052	0.892000178797453	0.883577914285025	0.419266009760483	0.389104064407896	0.987918272480139	0.345769213777421	0.996914249553031	0.765157319693855	0.964802419069998	0.34095355383292	0.918866165177348
HF_5	0.986067938301029	0.979448924910407	0.949530589167054	0.957755809195439	0.874820818168677	0.819053910257765	0.515547705079869	0.626200946910816	0.519425510898115	0.948861340828733	0.745312932379622	0.372886244410972	0.48542292615674	0.507361523931502	0	0.805314961297554	0.738240724697282	0.910716977631164	0.807949627082302	0.893423488528826	0.725250442201307	0.951771304164885	0.823740794243085	0.857960050428368	0.754510640034569	0.871766682279215	0.870365049041501	0.76880923518093	0.937787973284693	0.696145879896793	0.904764040439396	0.98856468345171	0.981129573922387	0.801286462988356	0.957058490712329	0.654759092030132	0.992613325193558	0.547989791619459	0.940266631835873	0.992231778271124	0.995381237115981	0.9213900945542	0.796740153097639	0.842340063015874	0.865084096816926	0.830729431931246	0.814280638868961	0.996414083359667	0.9728983865262	0.98474782357693	0.99515131611117	0.745149503957174	0.574113449822598	0.701115254179298	0.703449187023428	0.989540174791704	0.797958717711424	0.99863374347911	0.465898783037027	0.985855949015379	0.818038300156785	0.963381965999589
HF_6	0.997031182579533	0.995161161748749	0.987929287915324	0.988357148294402	0.966913538169399	0.934618869901547	0.986851393860423	0.942813757588705	0.992938472357235	0.990140503005047	0.942675432965251	0.869388515381973	0.974153620212627	0.334079407645978	0.805314961297554	0	0.143888687750762	0.786664991359727	0.0712224390743387	0.886208024824313	0.0450875231337685	0.979567460017179	0.355042037991184	0.549468241461914	0.136719529103574	0.736518011671323	0.836129552929707	0.927621183548125	0.883292504907774	0.990631981661461	0.988475207775957	0.998767884193301	0.98912860637051	0.978362505900721	0.994647153413029	0.972033959663452	0.996584695659835	0.856263582926216	0.896169445012159	0.99466647591024	0.99966995048719	0.971454616947518	0.976839261575274	0.928536303479927	0.918111971876883	0.596148897459107	0.923559347656643	0.999905528187962	0.972220539492124	0.942307061398798	0.989675228478808	0.922328755871445	0.930323503582599	0.285792791771012	0.178328979369537	0.989252253124442	0.0281419668830443	0.99662654465704	0.738442720209212	0.949850707910177	0.00938690081223215	0.889412834552432
D10	0.773857642552557	0.935675530265337	0.939397736855943	0.941513263473165	0.897854347365519	0.836095628713191	0.971463156355075	0.767737167570135	0.983334539905298	0.937866454142866	0.863547061006477	0.72640819585772	0.934405893375905	0.40825081621822	0.738240724697282	0.143888687750762	0	0.541018341643501	0.185427678465376	0.514033095378645	0.0757946142174419	0.697824027495818	0.189644467162378	0.433680861544807	0.0863095622860494	0.477794280042644	0.475560864493679	0.726156724403285	0.825694023169252	0.935065680149506	0.967042333363332	0.987389635075153	0.973407099342508	0.939463511480326	0.955920149658129	0.925531660898924	0.965461687916091	0.835722728203251	0.8924620148332	0.980110928490708	0.985774180213058	0.936354466237512	0.901386143829896	0.871372935664958	0.817888397684128	0.540725726663211	0.805025679465176	0.999859674118576	0.944948301665285	0.911053986425558	0.980883362421438	0.829730059550466	0.790717353831174	0.315930778706986	0.213651035595441	0.984908898154326	0.164256530657046	0.994512949968786	0.612509123070282	0.938608889218755	0.161454328483716	0.885604614392624
D11	0.171526423378892	0.972546750207622	0.978288137364024	0.977341687582283	0.97041159893595	0.960019343828763	0.992918848422453	0.929945389510373	0.99607495741062	0.967591589752183	0.941928372063155	0.903647482787686	0.981172250128906	0.8528215001067	0.910716977631164	0.786664991359727	0.541018341643501	0	0.786581839120553	0.172974863949621	0.65020133822051	0.0243322136061452	0.171445006453622	0.361904725533742	0.582281559895061	0.140152533511472	0.146042456901283	0.906779125562321	0.947169094387387	0.979944576468801	0.991267502822358	0.995693662932837	0.96770291270073	0.975565622118473	0.977541601379366	0.982688407159615	0.977303671917721	0.959211055518621	0.958111852731861	0.978342628258104	0.986520664938201	0.974832280851578	0.97281540368954	0.954393083214317	0.936620422544145	0.880494689335988	0.944465710455873	1.00055410918292	0.980276203381403	0.946314723146475	0.99096369705216	0.949013242866927	0.935272136983453	0.826005037459219	0.797427218561716	0.996233371550861	0.791049755183252	0.99796354934302	0.888341263218544	0.972343011528593	0.791342037856032	0.964639753944233
D12	0.995574314390669	0.995023828122813	0.989220410560635	0.988638217958943	0.977698040917411	0.952430846225604	0.988669460165442	0.94349973711961	0.994389515167027	0.990271839044036	0.968725947421337	0.896412232060728	0.979602384177117	0.385110252029953	0.807949627082302	0.0712224390743387	0.185427678465376	0.786581839120553	0	0.862987788584973	0.0911048395718774	0.971063067323122	0.371288497214019	0.56530364627797	0.110647041834446	0.736645234251262	0.80671673475301	0.931650432085901	0.887221855291668	0.992272376590672	0.991149694089148	0.999173321423681	0.985486343563093	0.990772128473846	0.994807996053128	0.983094720605083	0.994400059050569	0.86670122031715	0.900691506002856	0.99230288180882	0.997758422113737	0.979856427494883	0.984591338705793	0.950762396216423	0.93885042464617	0.640857783396455	0.937274351228083	0.999982986413322	0.974640577095006	0.939617205961326	0.989528100138879	0.923393881831873	0.924340667317218	0.327925945646132	0.228500016553905	0.990256382650052	0.084353618497066	0.996941447703059	0.727825930482264	0.950346444074129	0.0619816834733522	0.895506267852862
D13	0.315826767568752	0.959884964833674	0.931809718977434	0.933367472803435	0.919403541861378	0.842598395037097	0.978563089631294	0.759298181526615	0.988010395226592	0.914979841836569	0.841049474597391	0.80789367324263	0.952740033911188	0.903813040163648	0.893423488528826	0.886208024824313	0.514033095378645	0.172974863949621	0.862987788584973	0	0.701729587384003	0.164355694075959	0.283529526963428	0.475251298872498	0.58426557455546	0.287679719672612	0.110076880977054	0.710799036573215	0.900283692295184	0.948171280071512	0.974523008618992	0.991180634120821	0.986101760809339	0.938194334995736	0.967959486235282	0.946497528081537	0.983359178754428	0.958220650089662	0.978327117657378	0.988458277740403	0.99308650415402	0.926351898738961	0.91269817423886	0.825802984347691	0.770721335881893	0.85327100701437	0.821582016216695	1.00051154350307	0.972905169646888	0.974450686432001	0.99341705005835	0.880271598201738	0.825469059324486	0.827285956854773	0.810409235048339	0.991836795656236	0.880909407275523	0.998242896337037	0.823941460539172	0.98371052288718	0.89650675880558	0.970721065911282
D1	0.880741104214049	0.983697324110365	0.962961340053235	0.966232639190277	0.938821707612461	0.871804676066916	0.975073949619016	0.852396817372658	0.985466215155514	0.96632123145619	0.910524928950681	0.790613877535318	0.954247221002961	0.353858696228973	0.725250442201307	0.0450875231337685	0.0757946142174419	0.65020133822051	0.0911048395718774	0.701729587384003	0	0.827294461706284	0.24940365761645	0.469088502119421	0.0825335573622694	0.609247322974745	0.653998738440929	0.823471761792751	0.84396589630073	0.96870058356092	0.974081162711099	0.995878953364165	0.979064500599028	0.957476132534118	0.981449347643343	0.947865837573443	0.98955486909613	0.8463152185395	0.893258083567069	0.987553061257347	0.994725107648362	0.95892389510775	0.936467744323903	0.916294198387969	0.888305170789587	0.581370263111177	0.859208099001972	0.999554607443278	0.963068529390671	0.932255280962635	0.98777350715306	0.845241980221632	0.814586779624941	0.253435396891592	0.152795457722481	0.986617561730504	0.0547616303822148	0.995621545172614	0.604789769076405	0.944735184052516	0.0492118707547088	0.887110591697303
D3	0.150377398773279	0.990442039884338	0.973928624258747	0.974814927958615	0.985263859103951	0.97001364424964	0.995433771912119	0.950352150321619	0.997514545857492	0.972670647147586	0.959037999407667	0.949511438087578	0.988275048951506	0.981917022479446	0.951771304164885	0.979567460017179	0.697824027495818	0.0243322136061452	0.971063067323122	0.164355694075959	0.827294461706284	0	0.287566800115661	0.44130126383093	0.750256679557246	0.173629895750514	0.167391623408068	0.943032135371876	0.974016091543497	0.988985780461024	0.994294210016924	0.999112993081056	0.995063764984445	0.982151230003475	0.993016872821611	0.98742859318559	0.998580327716246	0.988490706409228	0.99582470752657	0.996601412851122	0.999086735416673	0.983095123086329	0.981044821775628	0.981686807157109	0.97476869367191	0.966615820541217	0.959390016268323	1.00040402693732	0.996123661302477	0.994159931385044	0.999533584443157	0.96303774649792	0.940987673009495	0.961608285954694	0.953269700408047	0.998473447349437	0.978679404689929	1.00025935310801	0.931990600583146	0.997181867819531	0.982337980607827	0.995066243698114
D4	0.411029670848499	0.836139257458594	0.966378797088785	0.967342064185894	0.883587776218536	0.906016459513618	0.979815540964565	0.828369776581261	0.987461479604766	0.9391481869977	0.923268151874474	0.836935121057337	0.956922690030728	0.560003152809255	0.823740794243085	0.355042037991184	0.189644467162378	0.171445006453622	0.371288497214019	0.283529526963428	0.24940365761645	0.287566800115661	0	0.29545911169551	0.19336670222519	0.21971041203908	0.183981207950385	0.84039843248654	0.874088654630868	0.940802780644874	0.973095514127535	0.971898263046412	0.932061941933845	0.95822444899431	0.919120050795682	0.960666888850167	0.889441625739588	0.897924104214354	0.871853258046041	0.945726009997256	0.952768073459464	0.950032286990314	0.937236760863521	0.927191224605187	0.905895302380303	0.698986912636593	0.880705034375743	1.00034897500692	0.904294042872859	0.813445692223031	0.957219272716635	0.89049332663007	0.873671351670921	0.49123832637648	0.419435911678346	0.990167422983879	0.361229848988905	0.990270978201842	0.705474953302293	0.89949114023662	0.356476749886199	0.876988121781601
D6	0.533549367041057	0.957562381801852	0.981792045171727	0.981837029321637	0.951054793613511	0.9333682888143	0.986931887678671	0.908505477645484	0.992181885939942	0.355684235426234	0.922013041269408	0.890924876708503	0.974883643316367	0.694440449983246	0.857960050428368	0.549468241461914	0.433680861544807	0.361904725533742	0.56530364627797	0.475251298872498	0.469088502119421	0.44130126383093	0.29545911169551	0	0.451696786411055	0.119442317638331	0.435433356880844	0.89557955698885	0.897980407664778	0.964170333480314	0.985306760242634	0.992592046644183	0.935236752536639	0.978225009248931	0.959141528153155	0.969127522682197	0.954025659901299	0.915856433712188	0.917030010575582	0.953716636685209	0.971943716453686	0.970736493110346	0.966659721631256	0.964207997234412	0.949058735775073	0.792287081643516	0.929610649830749	1.00043949476897	0.96124660490126	0.887046413777752	0.980623004184297	0.915284591694056	0.900030628474813	0.63474116646319	0.591813231448082	0.994075354177365	0.549138554389589	0.994926024127348	0.789548410232946	0.940252285357086	0.551271516006954	0.927399793830714
D9	0.816931235020627	0.862145748268236	0.947291030467963	0.953259466649435	0.886681046207976	0.889730659491793	0.979248642917465	0.802775961880233	0.987567536453871	0.938538238453839	0.902604805819714	0.773697417240879	0.938204310561977	0.408496170486052	0.754510640034569	0.136719529103574	0.0863095622860494	0.582281559895061	0.110647041834446	0.58426557455546	0.0825335573622694	0.750256679557246	0.19336670222519	0.451696786411055	0	0.550353066562924	0.493461335777395	0.788239437224417	0.830560995739643	0.934384197435364	0.973442736825693	0.977507026903376	0.938441044961967	0.958186077852769	0.93333477912903	0.942783370511945	0.903463895587002	0.845377330961843	0.864186259503566	0.956673740215595	0.962964574585123	0.950430816167192	0.9374452060424	0.903116363818104	0.865728881209254	0.579806676332263	0.857960068207458	0.999945020874376	0.905215927196179	0.835261025244598	0.962363231831239	0.83460285754199	0.830900630488555	0.300850617688199	0.226354714083262	0.987021511202013	0.144834351487237	0.990647170050415	0.603192228108403	0.898729820361242	0.149374920444896	0.862404434236385
DA	0.304716853246381	0.925203783262012	0.979301844420142	0.980678552759856	0.939319298343831	0.941255211212994	0.986551160984763	0.903425463078852	0.991177466201604	0.582942347423308	0.933226608157189	0.904573606490932	0.976198434226697	0.818318360823515	0.871766682279215	0.736518011671323	0.477794280042644	0.140152533511472	0.736645234251262	0.287679719672612	0.609247322974745	0.173629895750514	0.21971041203908	0.119442317638331	0.550353066562924	0	0.242681945452394	0.91900799624714	0.934628124247979	0.965683285133162	0.983407363038892	0.987607681611352	0.967997784199635	0.972071051703604	0.957098458772438	0.972997757308275	0.948786788254257	0.947582278686016	0.942751961341805	0.973902249731553	0.978150546011673	0.972500646959749	0.954486458897906	0.974994920726174	0.965339079171089	0.868097944684822	0.93887658053695	1.00044468186651	0.954902384256608	0.914737012141051	0.980021592584081	0.920067818405074	0.896803231668411	0.762070359517176	0.738470782596845	0.995780594856579	0.728370436345027	0.995337740720168	0.800141255619529	0.953290926816153	0.73383922702304	0.945647678195547
D8	0.314166730003768	0.803823492453575	0.921876880609936	0.927642691847098	0.847836588804113	0.864648104755208	0.975464992537795	0.731676777229328	0.984921251393648	0.904154956603412	0.859381600108957	0.763047045239301	0.934514559902907	0.866890322322119	0.870365049041501	0.836129552929707	0.475560864493679	0.146042456901283	0.80671673475301	0.110076880977054	0.653998738440929	0.167391623408068	0.183981207950385	0.435433356880844	0.493461335777395	0.242681945452394	0	0.710996606371427	0.87387665485499	0.916089463128504	0.966011945004209	0.967303009166228	0.928132049077197	0.938849211383436	0.903111425844464	0.945190746086233	0.875331436101859	0.949895844076886	0.913874018524795	0.941055877401364	0.947548006090077	0.932946425341267	0.906609181083358	0.881684599107667	0.832489863565787	0.794338339664342	0.824661660644049	1.00086533157206	0.897712712735576	0.824209846673924	0.957479530027931	0.866837351985807	0.83132199173191	0.795124767102957	0.770084276015837	0.991633108318909	0.833066579217894	0.990918338372682	0.762718301846204	0.915175922158267	0.848226293305899	0.919791899794732
DC	0.938174467875476	0.915815275281578	0.833881225908513	0.838784299918182	0.77363840062755	0.61499540018491	0.94720391299425	0.414967556513841	0.969898801451385	0.866310079808299	0.539168070571519	0.327155339055701	0.852592144291932	0.87695656329818	0.76880923518093	0.927621183548125	0.726156724403285	0.906779125562321	0.931650432085901	0.710799036573215	0.823471761792751	0.943032135371876	0.84039843248654	0.89557955698885	0.788239437224417	0.91900799624714	0.710996606371427	0	0.655862611825323	0.83282054201849	0.919275217173677	0.973254768040333	0.968409992330139	0.753702391583866	0.901801442329482	0.805071577758375	0.966607125444622	0.912597122303061	0.966982210691918	0.97128730103563	0.984177395826611	0.793268631571038	0.691872170895548	0.529143512908179	0.361956691808974	0.497153827503529	0.393863552991738	0.999898445875864	0.927488369210049	0.965535457374489	0.988386716944644	0.620895334918807	0.474968903164821	0.651131671926765	0.616734070250753	0.972868014229101	0.916695602488425	0.993564388471116	0.607360160295077	0.977335867821871	0.958414701925754	0.940991810702812
DD	0.967591949577083	0.966410604799776	0.915570845234832	0.924797223133223	0.909623462336004	0.854374427613776	0.976010509891757	0.811741494316198	0.98598039631513	0.948094043633255	0.884479120401284	0.788275923857376	0.935124625380007	0.89245619560863	0.937787973284693	0.883292504907774	0.825694023169252	0.947169094387387	0.887221855291668	0.900283692295184	0.84396589630073	0.974016091543497	0.874088654630868	0.897980407664778	0.830560995739643	0.934628124247979	0.87387665485499	0.655862611825323	0	0.950302846858192	0.965876834791385	0.99124893337375	0.976600860981965	0.907553886327295	0.956350692362585	0.934231873795393	0.985981206144061	0.965253224936551	0.975976632599166	0.980769374090998	0.988793048579074	0.929268574211939	0.885368817917959	0.905527431173737	0.860006274855289	0.773836513811054	0.73279265962885	0.983003616517041	0.966878869508108	0.970774898580333	0.993860237690098	0.843196547157561	0.79283819435702	0.79033229222836	0.760463035056367	0.988793417416112	0.873552186496341	0.988335347452932	0.855580181185046	0.982624567220779	0.892697317546124	0.965074669121611
ASTUR_7	0.984397523176135	0.902201015326182	0.952988977538841	0.955992242878727	0.852623779843176	0.814499602485143	0.952043737287752	0.782178972803964	0.961256067889982	0.939677737466147	0.825755247785672	0.729012956752077	0.921245460676121	0.950288010340391	0.696145879896793	0.990631981661461	0.935065680149506	0.979944576468801	0.992272376590672	0.948171280071512	0.96870058356092	0.988985780461024	0.940802780644874	0.964170333480314	0.934384197435364	0.965683285133162	0.916089463128504	0.83282054201849	0.950302846858192	0	0.846399476939847	0.911027491470649	0.96540490866009	0.86158720358268	0.938292843796033	0.525123917519852	0.938659298260838	0.437044754702277	0.949695064528601	0.970795761891899	0.97196131151917	0.923913503602674	0.871968850770041	0.944845753262599	0.930226754973779	0.894519146132994	0.820251994228792	0.997264721131952	0.946519412196878	0.92767704383263	0.979829834459375	0.897437852466911	0.847494081027717	0.911847790376727	0.905572529895959	0.993870354230674	0.975173030564876	0.99478377572667	0.875022739827831	0.967474724344417	0.994981917523197	0.960982804810648
ASTUR_8	0.990627584487473	0.971105019801147	0.96846793768611	0.974365850568224	0.892566645084002	0.841486511027134	0.860538289723496	0.829189372811744	0.868489111826022	0.669994514432307	0.932829193771231	0.89553335702658	0.856916455707242	0.895022593330654	0.904764040439396	0.988475207775957	0.967042333363332	0.991267502822358	0.991149694089148	0.974523008618992	0.974081162711099	0.994294210016924	0.973095514127535	0.985306760242634	0.973442736825693	0.983407363038892	0.966011945004209	0.919275217173677	0.965876834791385	0.846399476939847	0	0.0315945184353913	0.99162911194198	0.933983748918602	0.968400371246967	0.945950335921413	0.984740240402207	0.968291310456663	0.988689966113438	0.990229574042157	0.99284915089014	0.956099454695198	0.901761844467298	0.934002965023987	0.943800721502935	0.926134490748107	0.864123926501247	1.00030537654101	0.973692280074989	0.982510256472661	0.994925644887395	0.921631357615154	0.887917860258842	0.916235088461761	0.912741426174644	0.994606029129201	0.976985843911759	0.998025301541972	0.920585887882462	0.990791174778568	0.99039198533837	0.982470144416334
ASTUR_9	0.9986236424818	0.943040106735748	0.99450930838155	0.995403116808902	0.95683304636329	0.970186100474312	0.994037177475144	0.949742654253852	0.995806810225995	0.669269704943422	0.983727408674325	0.975317460758492	0.99172481015809	0.995127212729977	0.98856468345171	0.998767884193301	0.987389635075153	0.995693662932837	0.999173321423681	0.991180634120821	0.995878953364165	0.999112993081056	0.971898263046412	0.992592046644183	0.977507026903376	0.987607681611352	0.967303009166228	0.973254768040333	0.99124893337375	0.911027491470649	0.0315945184353913	0	0.985645073144103	0.98467324531456	0.973811825937007	0.978386485403738	0.963886566631129	0.98371141236558	0.982279240275795	0.98593289017351	0.986123479643526	0.98666605346855	0.979339913225858	0.990418318080969	0.988702374402723	0.986620278017578	0.969291410172825	1.00045131181624	0.972867222872521	0.953970043889829	0.988150162272815	0.986058531983488	0.977744498167326	0.988169418775715	0.984412646442905	0.999097180596912	0.997137749489987	0.997838241923883	0.971914365958681	0.978849324199272	0.999190172553427	0.982516721689563
J1	0.976919936093838	0.883292166680915	0.853608590984204	0.854243276150489	0.944574293510993	0.976449996514926	0.993627768199777	0.944123534522515	0.995393927556523	0.983381787308576	0.98261465012762	0.96810297849956	0.991206988712018	0.989098713882248	0.981129573922387	0.98912860637051	0.973407099342508	0.96770291270073	0.985486343563093	0.986101760809339	0.979064500599028	0.995063764984445	0.932061941933845	0.935236752536639	0.938441044961967	0.967997784199635	0.928132049077197	0.968409992330139	0.976600860981965	0.96540490866009	0.99162911194198	0.985645073144103	0	0.739405824919713	0.428751635365532	0.751336673845013	0.613922490270913	0.932848968486592	0.426388063138617	0.422245846491673	0.605649573432007	0.908431991117552	0.715824042463861	0.988833791529322	0.988460273184409	0.985803260219492	0.97635849592531	1.001603583233	0.707078226464553	0.56250171054276	0.892479381408587	0.977887986955874	0.969461638841536	0.981908240707055	0.979723294391419	1.00015562647243	0.986838869561978	0.95707862059505	0.956143567004529	0.789003648988211	0.989979499860729	0.823838510851409
J10	0.961472508989176	0.942129639305259	0.825495399013641	0.841325085237218	0.852156073963916	0.736873503502925	0.954698125742444	0.777350185239691	0.969054733831094	0.950367232061146	0.820857683791976	0.648038397143691	0.911578653739879	0.945461566731316	0.801286462988356	0.978362505900721	0.939463511480326	0.975565622118473	0.990772128473846	0.938194334995736	0.957476132534118	0.982151230003475	0.95822444899431	0.978225009248931	0.958186077852769	0.972071051703604	0.938849211383436	0.753702391583866	0.907553886327295	0.86158720358268	0.933983748918602	0.98467324531456	0.739405824919713	0	0.308512836135838	0.497532681527426	0.942301054872315	0.685335318033302	0.827311822413335	0.860923984373344	0.926725656684101	0.392485488672163	0.340251095411251	0.832914559769584	0.851202433881981	0.775566194535302	0.625356759624667	0.93042310739376	0.803629540757473	0.976026767658264	0.970267230189577	0.782562602349919	0.682771898749462	0.803826739050987	0.798246206406134	0.985994981153657	0.966832981053522	0.807429426578687	0.833358386781647	0.966068486658985	0.992402331408566	0.928652665585945
J11	0.976002756324503	0.799138973629305	0.700578574199335	0.692915055800121	0.877401546264175	0.900184681946136	0.946864384807663	0.847726934531689	0.952478295625267	0.96246794742066	0.944133591311335	0.905014172259513	0.934080886069764	0.954326197875952	0.957058490712329	0.994647153413029	0.955920149658129	0.977541601379366	0.994807996053128	0.967959486235282	0.981449347643343	0.993016872821611	0.919120050795682	0.959141528153155	0.93333477912903	0.957098458772438	0.903111425844464	0.901801442329482	0.956350692362585	0.938292843796033	0.968400371246967	0.973811825937007	0.428751635365532	0.308512836135838	0	0.648093894375781	0.798830619780309	0.823160299044732	0.646835981424934	0.68420388267026	0.783406309293688	0.536902527372609	0.519956607831222	0.959156868980575	0.953365805880221	0.933964435243656	0.860295656436377	1.00174620625122	0.649250121405469	0.719539463867776	0.894962409569439	0.928520541087921	0.895445103895383	0.934260913265089	0.929494230826666	0.995596809201695	0.990204425238502	0.935174877707721	0.91212921541935	0.831965252096115	0.997994375395093	0.838065898141839
J2	0.978099303529298	0.954681595501599	0.879358364193045	0.891952883138978	0.865472508494242	0.767903609799594	0.935814757040399	0.807276728256037	0.947416484502447	0.951112252397513	0.729772088751721	0.664504074139873	0.888889504353553	0.91819522752151	0.654759092030132	0.972033959663452	0.925531660898924	0.982688407159615	0.983094720605083	0.946497528081537	0.947865837573443	0.98742859318559	0.960666888850167	0.969127522682197	0.942783370511945	0.972997757308275	0.945190746086233	0.805071577758375	0.934231873795393	0.525123917519852	0.945950335921413	0.978386485403738	0.751336673845013	0.497532681527426	0.648093894375781	0	0.923265759465015	0.244276592630401	0.804098182080928	0.850325215879457	0.902115766726159	0.750754333177446	0.57145155362511	0.872984738153207	0.886200838575657	0.862600574072147	0.740659279760153	0.9670661864012	0.826050279223868	0.937787095545636	0.913496210555399	0.856531632974726	0.781353103434981	0.858838610394751	0.864266982443728	0.990592775160381	0.967015934543978	0.876745445591632	0.866803127970067	0.912424027559623	0.985173627855342	0.884026527706317
