A1	A2	A3	A4	ASTUR3	ASTUR4	ASTUR6	ASTUR_1	ASTUR2	ASTUR_5	HF_1	HF_2	HF_3	HF_4	HF_5	HF_6	D10	D11	D12	D13	D1	D3	D4	D6	D9	DA	D8	DC	DD	ASTUR_7	ASTUR_8	ASTUR_9	J1	J10	J11	J2	J3	J4	J5	J6	J7	J8	J9	S1	S2	S3	W13	W16	W10	W11	W12	W14	W15	W1	W2	W3	W4	W5	W6	W7	W8	W9
A1	0	0.655306663765816	0.60956792347542	0.600850436307035	0.709134167655673	0.685197123923902	0.728250890220019	0.675671448819298	0.746203430010188	0.6965194441443	0.690110822882981	0.680591274247467	0.7055389000393	0.730580495150937	0.723534800512114	0.75502749120762	0.663555146567053	0.577402606920907	0.76172643605285	0.591344511603279	0.690500021237732	0.533576523203186	0.627721022063594	0.649587539156325	0.687339541428899	0.622822404309457	0.618269985703751	0.68128870670169	0.698093945924882	0.721076886204	0.720700953122518	0.762573160398488	0.772076783226173	0.697869550034699	0.722164118254228	0.711024005825014	0.789828736320757	0.739696675805956	0.776732723111951	0.763267188363361	0.785875524150195	0.710215368281664	0.679290093240149	0.705162122737804	0.677469468996156	0.682838468700935	0.655267338751136	0.815659959852163	0.762473815593989	0.79760086764142	0.796650707633962	0.694676360317118	0.681246133503154	0.701559202475973	0.681729352289309	0.755993884910751	0.743533762570639	0.795093241223602	0.71626781061165	0.787624959081089	0.775599730966418	0.746365324853837
A2	0.655306663765816	0	0.492186007678629	0.505712710025367	0.671433014841798	0.704231091000997	0.731543489536062	0.676105763519014	0.743792534519206	0.691105512346213	0.717629056037037	0.695773643697745	0.706991486849643	0.742682361387654	0.730870465964669	0.763114961380969	0.714674509070014	0.745559062405928	0.773224737133692	0.722224305812347	0.741647980518466	0.753427330777261	0.695845663552153	0.742791635306093	0.706189171778461	0.726372915892231	0.68756018916302	0.696025951029343	0.715630633655237	0.71502845316086	0.722692355594782	0.725079854060626	0.710978971245347	0.689901261434729	0.642942875292074	0.699842002743813	0.711877961281583	0.74538714093193	0.691022161388156	0.705917958331385	0.746119529265531	0.716480723162357	0.662950860321082	0.719324564608687	0.704838199223012	0.711078261425858	0.680766503807244	0.816261487787978	0.657029139793626	0.704429742847781	0.728455207335005	0.716013213539941	0.704796438905345	0.719568026501938	0.704656637084912	0.764090843556174	0.7486739460064	0.768920056141885	0.69999241498099	0.714861877358594	0.777942166073055	0.662989354009624
A3	0.60956792347542	0.492186007678629	0	0.215257281664606	0.688321103055812	0.657232276638085	0.70714963099863	0.644502632091309	0.729926056693047	0.689587172000735	0.680755961727017	0.664290995707823	0.682621818169048	0.723454537788015	0.704521633818244	0.745255944734022	0.707801361328125	0.748290015743126	0.761657811250119	0.70233162024337	0.721270803661923	0.731807643466713	0.740046756162554	0.753630641453991	0.728164003139123	0.750255660903968	0.714864593065765	0.662097765957773	0.683901376924367	0.707981346325812	0.701947853269644	0.753769520811742	0.7161734247089	0.635966487608075	0.611372803682861	0.667838687935856	0.767059168601302	0.721894162657087	0.731137961545748	0.711753678090916	0.753074316700564	0.689453758905503	0.607732057274989	0.677529332953456	0.654626196208218	0.670366576796007	0.617645138899508	0.814401070510589	0.686703331212649	0.798608005189791	0.791426318777957	0.677823782575814	0.660010715062262	0.682393713282693	0.653762055365829	0.747174727298397	0.726963024792479	0.77621840659849	0.700010237621826	0.780240877548334	0.766258761607183	0.706307252415725
A4	0.600850436307035	0.505712710025367	0.215257281664606	0	0.694337935939809	0.662228322691391	0.715744077890759	0.644074827765979	0.736632115233136	0.690570013544697	0.687872830353193	0.667488668365208	0.689349951488107	0.724058412404171	0.707823532744052	0.744270736593186	0.705006134049231	0.745344351620837	0.758244152670713	0.699029716635972	0.719965710885407	0.730554011359403	0.737899499648161	0.751031900494341	0.726581923040312	0.750320922173353	0.713180456486202	0.661220821416545	0.684956980018471	0.708504477778413	0.70816302652082	0.755031902142938	0.713401282885887	0.641809039043457	0.611155230761373	0.671234234463258	0.766094469097286	0.722923071104456	0.730654470127062	0.711131006200333	0.751839945646853	0.696444018392972	0.613162586597092	0.67970872228272	0.660024554504508	0.667768818901563	0.628947103775906	0.815180438815845	0.688522503185732	0.797526664127617	0.789776695740733	0.683258833459591	0.669131120545666	0.689407577891832	0.659241989048195	0.7503152766242	0.726621586223065	0.775642346243257	0.703297592608636	0.779255073157127	0.766756103854773	0.705662045162653
ASTUR3	0.709134167655673	0.671433014841798	0.688321103055812	0.694337935939809	0	0.384842814335092	0.539009721455404	0.491207533062243	0.562316375769853	0.617491837965204	0.568791482699252	0.560426473970289	0.609584293223949	0.63963803313433	0.618711602924088	0.693026467974844	0.653760712407038	0.705833676505889	0.729478802576224	0.651614841579255	0.684764199689302	0.711355188277516	0.673852191659643	0.697524710125722	0.667852002543785	0.69354222434366	0.655668215550344	0.588150154685664	0.633455159317191	0.603718867538686	0.593961584059885	0.675356555701568	0.730386178734751	0.62567286597377	0.659637327693732	0.633571158985228	0.730577844409448	0.683792888463546	0.723932975322713	0.717338097461556	0.735206073073094	0.609523218643024	0.59952937932066	0.615757061780467	0.595871692236606	0.607958157469452	0.539378358431378	0.804247564763872	0.683150821431002	0.720139278930288	0.742199993744687	0.596417858226921	0.566239840165604	0.615487903318743	0.596929155264964	0.706919660401108	0.685001352452195	0.773467378244037	0.576165477885184	0.725185854037123	0.726517245896131	0.656976570403291
ASTUR4	0.685197123923902	0.704231091000997	0.657232276638085	0.662228322691391	0.384842814335092	0	0.538257256625939	0.428219872371612	0.578070926808578	0.595824463634392	0.516507302302113	0.508287788332228	0.569626785163243	0.608821383194887	0.587900688909808	0.665184807028037	0.629681512366574	0.699955631629826	0.715332106670525	0.610263943851058	0.644063285277862	0.687632933063979	0.677022336899079	0.692988602534779	0.666867095846579	0.695839893487695	0.655465909653584	0.533195885802343	0.601517860623657	0.5757094131963	0.557979608271056	0.679787774776479	0.748242729883862	0.581704807941526	0.660450451029869	0.606567021814194	0.767560745125237	0.661184730739475	0.75392480669922	0.736496617061843	0.77077237317584	0.575791865370071	0.558985670962904	0.576040770052218	0.540971692574668	0.565749328157511	0.463283093286161	0.80281762268797	0.707684398345133	0.787992931591392	0.778782811265367	0.544568525258924	0.521733418626445	0.557345650006297	0.522672010718648	0.68953702302319	0.645533444034755	0.775831058044511	0.551398576699229	0.761348164212446	0.711141510453068	0.681598457883431
ASTUR6	0.728250890220019	0.731543489536062	0.70714963099863	0.715744077890759	0.539009721455404	0.538257256625939	0	0.520442373973062	0.210448239051304	0.672992387499461	0.630860311034607	0.619130094163069	0.420793224532317	0.499354061659562	0.569727520412248	0.719127082777376	0.684647799317118	0.72851885179105	0.742708804286806	0.681106141665886	0.698676857830528	0.721647614505835	0.712156972640948	0.725648478042017	0.709168809962431	0.726607887650575	0.698177415232483	0.638974556666124	0.662149125706585	0.665102639193559	0.602031269450824	0.726146983300949	0.764648517732142	0.673732951749881	0.704525245258054	0.678068443371971	0.777813710720285	0.679809653067962	0.770996998439896	0.753737802696472	0.783975683708126	0.659985818060616	0.64910602442623	0.654320048954223	0.643302210574173	0.64639757459898	0.593464333834555	0.808965687879849	0.736782378893713	0.792229876073879	0.78864966180604	0.641976444118718	0.62586856807776	0.629149764427688	0.617797509309426	0.727145389223516	0.693312612559953	0.790038806030249	0.642400571597469	0.775354017809946	0.735400985618636	0.717464544917957
ASTUR_1	0.675671448819298	0.676105763519014	0.644502632091309	0.644074827765979	0.491207533062243	0.428219872371612	0.520442373973062	0	0.569524156302888	0.524761557289476	0.495199775494129	0.462651267200051	0.507850465121508	0.552707316437717	0.535112271541547	0.66170246795545	0.566582612996378	0.655845065476095	0.690817275913087	0.551687867971962	0.612288947073046	0.648512108258499	0.628527810352824	0.661322790341639	0.615686943214846	0.660321683725496	0.588207594037137	0.442792388613821	0.556415116374989	0.529344147650238	0.517471531641998	0.645702150489316	0.739629223829894	0.5936967904235	0.652261181289045	0.618398512212881	0.760962355340751	0.659461426212578	0.750255322720035	0.722596290756835	0.767089489063939	0.576923587698179	0.550600199389992	0.554159807819386	0.522466743665133	0.532401750444954	0.442288806261708	0.803731787807464	0.696436292711137	0.775137581435871	0.771151899468519	0.532445521392325	0.494227043982834	0.542914645827701	0.495745363613139	0.68245215722161	0.64382422418546	0.777165105548551	0.515606333766959	0.757132845866308	0.709183249633274	0.669664680918541
ASTUR2	0.746203430010188	0.743792534519206	0.729926056693047	0.736632115233136	0.562316375769853	0.578070926808578	0.210448239051304	0.569524156302888	0	0.697204430008697	0.670139097836757	0.658272140169854	0.427749318152832	0.511318360281863	0.588632854385916	0.737644245129028	0.706760042210754	0.741481791714714	0.755687700829216	0.706376121248424	0.717490245148209	0.738382830580711	0.72597115644445	0.73615286119548	0.724547735604439	0.737061913448787	0.715361239104398	0.679192324937468	0.692959963858173	0.69151051820936	0.62752417581422	0.740452649488927	0.771431286278075	0.70021707911613	0.717167396778255	0.696995696752729	0.779366708501578	0.691298434101325	0.773502375684791	0.761441795814768	0.783954884857473	0.690329271013036	0.674472810866731	0.685705363782862	0.682302574470905	0.684912285404197	0.648866785561145	0.810629870645176	0.745959849443916	0.792204803999064	0.788269646065646	0.672984289739195	0.665883885468349	0.662413316651031	0.659608889083489	0.742372030715977	0.713098893177747	0.791930133973363	0.674987834959746	0.776709231789722	0.749520148109523	0.734538811657821
ASTUR_5	0.6965194441443	0.691105512346213	0.689587172000735	0.690570013544697	0.617491837965204	0.595824463634392	0.672992387499461	0.524761557289476	0.697204430008697	0	0.571571923539157	0.56580600396742	0.617774272297698	0.656329911738485	0.631964203135936	0.692314366441655	0.610717584529214	0.670758644010094	0.715733302843923	0.595720059613123	0.648087189265496	0.672012205524915	0.637769099406151	0.555278126741214	0.634837234926857	0.581250858840555	0.603982066556747	0.554688528918291	0.61847521788985	0.6195092034331	0.55038667007489	0.585543541480837	0.743469000893286	0.651358081525044	0.682195835731705	0.651371475687288	0.756326761507778	0.706500764015399	0.751001080620175	0.735003407032222	0.766390580626547	0.645146092319393	0.620958262362547	0.632356473474951	0.616039647557252	0.62738116138365	0.575667472407388	0.806986861753694	0.709106685729174	0.76188146447179	0.764713024219177	0.614091895340258	0.598289481417673	0.625083350957991	0.605055833972467	0.717868950155721	0.694631983991776	0.781866032235564	0.60407243989581	0.751411598983425	0.744227385275883	0.689940252888973
HF_1	0.690110822882981	0.717629056037037	0.680755961727017	0.687872830353193	0.568791482699252	0.516507302302113	0.630860311034607	0.495199775494129	0.670139097836757	0.571571923539157	0	0.429490284308548	0.555814605947037	0.594204077330605	0.520713290931809	0.638500060294696	0.613703870107494	0.68151833845441	0.713655488397814	0.597527048416691	0.641068046141754	0.678235767503267	0.6704107837883	0.682784773704841	0.654465853930391	0.684882477968849	0.63726261050807	0.495941707205326	0.607263079927129	0.595605143797011	0.611510199266299	0.700372523972112	0.759942958432345	0.605535657530639	0.688687978965539	0.605513080583321	0.786659635049347	0.659134293655652	0.766915713153596	0.750647033128343	0.785167865999519	0.598171724747466	0.594140372928622	0.422851316702045	0.442298897220466	0.54355922269339	0.485338181159005	0.802931321743035	0.716954094502791	0.801166055747327	0.786997168257567	0.560311154126898	0.51508591823026	0.563675750000854	0.545359913113077	0.69242832608168	0.6765713528352	0.783278361405794	0.54437598253353	0.779342084826459	0.728395548103785	0.693553836513722
HF_2	0.680591274247467	0.695773643697745	0.664290995707823	0.667488668365208	0.560426473970289	0.508287788332228	0.619130094163069	0.462651267200051	0.658272140169854	0.56580600396742	0.429490284308548	0	0.481930802030469	0.529639650643205	0.413898610665702	0.604724067761555	0.549677512096656	0.64283207606768	0.676390623837543	0.565914337286296	0.586758418206609	0.657796190086524	0.624361578108139	0.658821691439778	0.603946228078647	0.661604239391129	0.588778058966818	0.417814339214682	0.551877349115021	0.541323521951735	0.569998219789672	0.683734290441515	0.746892639595708	0.559578815060013	0.661245622250185	0.581647993036393	0.776562433352944	0.630741734970896	0.743987851243758	0.740373839451568	0.775328778139931	0.58933653190097	0.539799270195219	0.501345959702578	0.449213872586838	0.426911288176223	0.433644102778268	0.799783438009249	0.687496557061078	0.780932542554765	0.774473475769452	0.459079102005794	0.431813266337169	0.470560328518487	0.461726867398141	0.667193826761145	0.628353862794513	0.773474044085537	0.442623536665926	0.760286231707163	0.700894217982118	0.662868417242019
HF_3	0.7055389000393	0.706991486849643	0.682621818169048	0.689349951488107	0.609584293223949	0.569626785163243	0.420793224532317	0.507850465121508	0.427749318152832	0.617774272297698	0.555814605947037	0.481930802030469	0	0.419811180896978	0.492107200061458	0.668089775721216	0.60948290823619	0.6777181186308	0.703684431732379	0.611046097381729	0.627979165020525	0.679727104279406	0.648928714664808	0.681636040910194	0.625671118513755	0.684553913758223	0.616520089773867	0.534766374778697	0.589994523156969	0.623180566781816	0.574483408818578	0.71275151295404	0.757835481315396	0.627652281696936	0.682527036224654	0.637841732813321	0.772717997237105	0.64680126630496	0.759630672414401	0.748701728582694	0.778849798924905	0.636660658285025	0.599685920118398	0.565139631328911	0.554757996425027	0.539380633938242	0.536260101017762	0.800895943892855	0.694887603147129	0.782269394996117	0.772851179735324	0.539299937150227	0.549144885061444	0.510453627211113	0.524927430005001	0.6920866495981	0.637501143395738	0.775633451525664	0.552585405577076	0.759203564372195	0.714064489371929	0.685613968255698
HF_4	0.730580495150937	0.742682361387654	0.723454537788015	0.724058412404171	0.63963803313433	0.608821383194887	0.499354061659562	0.552707316437717	0.511318360281863	0.656329911738485	0.594204077330605	0.529639650643205	0.419811180896978	0	0.482841279619568	0.421110583725106	0.500052432430145	0.627284532981738	0.514987017182401	0.620784291792742	0.494482836669198	0.697683645898517	0.557955073781841	0.609196455942882	0.535881811761396	0.64435533035951	0.635173371687141	0.585388862423105	0.61236861722868	0.656699897874318	0.625229670288394	0.727304840116502	0.763365616505398	0.662462284394632	0.701812346043322	0.654048706907014	0.786170000602802	0.631625317168393	0.747287719173256	0.756774084579912	0.786800166858758	0.654795020057565	0.638400581639032	0.604893122799038	0.592875033954915	0.510979834736663	0.587913689982826	0.804599154465225	0.718866455344452	0.775333429236289	0.77928144654266	0.603845338425772	0.602594771694136	0.472890368578643	0.47395114143414	0.703565886878391	0.47884781196409	0.783460536038044	0.55955186530432	0.755815490464708	0.478259107352033	0.671518362355157
HF_5	0.723534800512114	0.730870465964669	0.704521633818244	0.707823532744052	0.618711602924088	0.587900688909808	0.569727520412248	0.535112271541547	0.588632854385916	0.631964203135936	0.520713290931809	0.413898610665702	0.492107200061458	0.482841279619568	0	0.597128449548093	0.567021430540492	0.646521228737227	0.653122385376568	0.611893306380622	0.579443983410256	0.674854287297396	0.628894796910034	0.647288504761213	0.605604030141793	0.649001753582498	0.631794349392882	0.565171102068363	0.63451499550373	0.58324640580435	0.614156668036129	0.718519186987642	0.758020143029075	0.624549949416339	0.697210866089877	0.606140168175979	0.785523426128628	0.569940540878639	0.743181894238387	0.755289779414444	0.782927822370418	0.643512470053847	0.613164802570733	0.587815180272227	0.587632460029196	0.57299485741774	0.572749888001679	0.80169583498318	0.72341524569408	0.786725854858444	0.783175182557201	0.561834828678414	0.540438517645762	0.538383182728458	0.534561527379684	0.705817321220247	0.612334729150775	0.785719754063927	0.495641769851332	0.766048609520725	0.659947202082593	0.690215465130935
HF_6	0.75502749120762	0.763114961380969	0.745255944734022	0.744270736593186	0.693026467974844	0.665184807028037	0.719127082777376	0.66170246795545	0.737644245129028	0.692314366441655	0.638500060294696	0.604724067761555	0.668089775721216	0.421110583725106	0.597128449548093	0	0.474585835691535	0.616020978399674	0.394329675640398	0.65087628150705	0.430585758467295	0.71705886258173	0.532387227515779	0.591930831348835	0.503931448708115	0.643079606570913	0.652583069300638	0.64870729956972	0.659673789654146	0.714821183912706	0.709014454393796	0.7556215665927	0.777251509947266	0.704073638688392	0.742048375368479	0.698566814219314	0.796921084910146	0.680672594166619	0.752351150619644	0.773501318346112	0.797194537346528	0.700208022925093	0.698306684308562	0.650111967532479	0.635532974754402	0.562324955432414	0.653902730140329	0.811336794144657	0.746904717822437	0.780571041757417	0.790367787359012	0.661016385647841	0.660638149465433	0.520302503062841	0.503174126067517	0.731525326613348	0.386494228672931	0.794310296562946	0.608115124452219	0.762573803760157	0.303566077729337	0.692043087073068
D10	0.663555146567053	0.714674509070014	0.707801361328125	0.705006134049231	0.653760712407038	0.629681512366574	0.684647799317118	0.566582612996378	0.706760042210754	0.610717584529214	0.613703870107494	0.549677512096656	0.60948290823619	0.500052432430145	0.567021430540492	0.474585835691535	0	0.431663201230262	0.451607106949912	0.401747204976287	0.333415208435052	0.523025903708716	0.349785409624586	0.445980407964426	0.35388160593182	0.431261644192466	0.411759291545588	0.531999981769321	0.572387961604229	0.667298134449962	0.667178639411859	0.726138665155867	0.753434144539807	0.679437908871766	0.699239210748686	0.671861063521472	0.769058919885288	0.654641957346977	0.73131333779698	0.748336965303627	0.771287695995987	0.676662710029765	0.645888358537088	0.631878252338291	0.607176762122834	0.538348007263618	0.599674781325774	0.806436374456588	0.714493541975316	0.754208223615383	0.76736545058008	0.595635990009832	0.60154321949521	0.499189025596692	0.47719459577068	0.710492698559222	0.485607910543112	0.780071691586431	0.533781044226681	0.738435982605742	0.515388203235517	0.669446264857844
D11	0.577402606920907	0.745559062405928	0.748290015743126	0.745344351620837	0.705833676505889	0.699955631629826	0.72851885179105	0.655845065476095	0.741481791714714	0.670758644010094	0.68151833845441	0.64283207606768	0.6777181186308	0.627284532981738	0.646521228737227	0.616020978399674	0.431663201230262	0	0.571828405044971	0.365236666983844	0.48317161376673	0.283748878148383	0.308965344959163	0.411482580235797	0.445503951703273	0.389504055837886	0.355145585762656	0.628392520897935	0.646252795738974	0.720644797516441	0.719526461710937	0.755391323534105	0.741666702638493	0.725980942301053	0.729797130166038	0.721327744038771	0.757811610401317	0.702898701290209	0.733130871431459	0.744834360217366	0.769905545915139	0.716861174332628	0.712717804542345	0.696467302001155	0.684733374957479	0.649218270003877	0.681845510752376	0.810069462109342	0.728321326800946	0.742592438429533	0.760250028179168	0.664349907041079	0.667545985981313	0.624362315067328	0.611967579809448	0.744442010663509	0.62027328131102	0.783536462502119	0.629944711731756	0.734097510976999	0.65152237187501	0.695312449112143
D12	0.76172643605285	0.773224737133692	0.761657811250119	0.758244152670713	0.729478802576224	0.715332106670525	0.742708804286806	0.690817275913087	0.755687700829216	0.715733302843923	0.713655488397814	0.676390623837543	0.703684431732379	0.514987017182401	0.653122385376568	0.394329675640398	0.451607106949912	0.571828405044971	0	0.61760014951888	0.41719970673312	0.686801971368651	0.497522721597802	0.555895043269989	0.381236024903019	0.61609328889781	0.601173525541797	0.668458620725496	0.658192757828501	0.744000976823869	0.738998717340508	0.775424208179089	0.776364895397201	0.750206784923524	0.758438805188662	0.735014557636025	0.788190295163833	0.701413805308487	0.754143762288329	0.775842710379434	0.792415171335797	0.74035537809174	0.731778611099313	0.711788438675228	0.701510182581566	0.628563625842924	0.701567370938653	0.811262967587983	0.754692369044953	0.771153485715144	0.786146405322639	0.682162745775017	0.693710598607894	0.555450957484682	0.550053634219735	0.748484278310504	0.446295362938652	0.79421189948056	0.632700201884347	0.756519796036976	0.391714232681253	0.70854537688999
D13	0.591344511603279	0.722224305812347	0.70233162024337	0.699029716635972	0.651614841579255	0.610263943851058	0.681106141665886	0.551687867971962	0.706376121248424	0.595720059613123	0.597527048416691	0.565914337286296	0.611046097381729	0.620784291792742	0.611893306380622	0.65087628150705	0.401747204976287	0.365236666983844	0.61760014951888	0	0.488322646526263	0.362567709219452	0.397317272712373	0.468985767515613	0.464101935154544	0.457832412348355	0.347618810763689	0.496508891329003	0.56770502873768	0.662725016204811	0.664881636609197	0.724328042608559	0.752682897427406	0.674932786314666	0.704200936625297	0.677194739437616	0.76980001824146	0.690281205744916	0.752027352073787	0.747182176057445	0.775806595672342	0.656530304912299	0.650673824973871	0.612769305571296	0.587841306920603	0.598398869277886	0.579413981571565	0.805091064626885	0.714273590810488	0.770833456592818	0.768517823597957	0.58866126243651	0.577608986188455	0.571317272130784	0.549366214246237	0.711257797028813	0.627446074169233	0.779990607727311	0.56906678486231	0.750223233422643	0.686787618455648	0.686821284670805
D1	0.690500021237732	0.741647980518466	0.721270803661923	0.719965710885407	0.684764199689302	0.644063285277862	0.698676857830528	0.612288947073046	0.717490245148209	0.648087189265496	0.641068046141754	0.586758418206609	0.627979165020525	0.494482836669198	0.579443983410256	0.430585758467295	0.333415208435052	0.48317161376673	0.41719970673312	0.488322646526263	0	0.57249470536114	0.387019955037989	0.473947069036406	0.371209791012684	0.511063715504593	0.487434281394333	0.572295201801398	0.585327591015772	0.697247838514016	0.686449514320222	0.749835426718737	0.763116893639906	0.687438277954425	0.719432484848726	0.682396313472927	0.779337774938984	0.662427715263954	0.737998545023037	0.760543296764098	0.778879286397601	0.699131989582087	0.667178086806329	0.656603599722663	0.641963875269778	0.574817003686679	0.627146800260405	0.806160151210251	0.728330777849965	0.764971994610428	0.776342440988468	0.603613811235674	0.618345488793835	0.491168099208753	0.473470533679136	0.723039602148686	0.427034614294672	0.778984951833496	0.552739008933703	0.741784264128082	0.449951085495085	0.68227870798729
D3	0.533576523203186	0.753427330777261	0.731807643466713	0.730554011359403	0.711355188277516	0.687632933063979	0.721647614505835	0.648512108258499	0.738382830580711	0.672012205524915	0.678235767503267	0.657796190086524	0.679727104279406	0.697683645898517	0.674854287297396	0.71705886258173	0.523025903708716	0.283748878148383	0.686801971368651	0.362567709219452	0.57249470536114	0	0.435016275191653	0.498179385367411	0.560478743619539	0.440625988400612	0.42046892441158	0.63806782459058	0.662029844229763	0.722915260027328	0.715961494289691	0.761670378552098	0.772640092651015	0.715362671700196	0.740315730248075	0.717095875134609	0.789310688586386	0.730043332496704	0.774822247423292	0.769841323849126	0.790329686374394	0.712055028942576	0.706701528186417	0.704111683770247	0.69473140426994	0.684905292785158	0.669289507697655	0.809327321267324	0.753622103642358	0.793200098960028	0.791987133132526	0.668514757104005	0.662997055799012	0.668570144580491	0.652649555265474	0.745140951822086	0.706156822551654	0.7943479065124	0.661443332471451	0.77896049777656	0.746869759561868	0.73723117615404
D4	0.627721022063594	0.695845663552153	0.740046756162554	0.737899499648161	0.673852191659643	0.677022336899079	0.712156972640948	0.628527810352824	0.72597115644445	0.637769099406151	0.6704107837883	0.624361578108139	0.648928714664808	0.557955073781841	0.628894796910034	0.532387227515779	0.349785409624586	0.308965344959163	0.497522721597802	0.397317272712373	0.387019955037989	0.435016275191653	0	0.383667800293581	0.357805375623361	0.383328687838904	0.320728380720309	0.599534133999246	0.604157707299798	0.697990219557218	0.697660080960707	0.723121878364521	0.728564582212646	0.715412450757092	0.70066847484311	0.706548304948937	0.731629399398782	0.691486262089669	0.712604994228629	0.72764955515751	0.758404513158778	0.699813214291635	0.69419367162911	0.683925558453415	0.672356893155677	0.611434891068866	0.654811853449208	0.808019423588138	0.686554676464414	0.694585944747908	0.731956464681764	0.638253423974873	0.652038202078868	0.55806447212462	0.54856590654813	0.733015247196666	0.525847373732725	0.774945703614002	0.57802736955789	0.690804676355172	0.55049380390262	0.65125677993518
D6	0.649587539156325	0.742791635306093	0.753630641453991	0.751031900494341	0.697524710125722	0.692988602534779	0.725648478042017	0.661322790341639	0.73615286119548	0.555278126741214	0.682784773704841	0.658821691439778	0.681636040910194	0.609196455942882	0.647288504761213	0.591930831348835	0.445980407964426	0.411482580235797	0.555895043269989	0.468985767515613	0.473947069036406	0.498179385367411	0.383667800293581	0	0.467822638277753	0.279902103838715	0.469304956499582	0.626058581105662	0.605087401247808	0.709752249267701	0.714308481966487	0.748869767285922	0.731128402910537	0.728500344296329	0.721743451968376	0.71293503603607	0.744395241979189	0.695174298989677	0.720449207832965	0.732108295034312	0.760054753895721	0.719692172100989	0.70902479512846	0.71442446579382	0.704833563928153	0.645979776418974	0.685249972693406	0.806218939298533	0.713659031915401	0.71871591695643	0.742946784706156	0.658115872759365	0.660952066069218	0.592073864122745	0.588055342710547	0.745490688266199	0.568433611996752	0.774600902365996	0.61697746570619	0.710724995707087	0.591108518572241	0.678558735916158
D9	0.687339541428899	0.706189171778461	0.728164003139123	0.726581923040312	0.667852002543785	0.666867095846579	0.709168809962431	0.615686943214846	0.724547735604439	0.634837234926857	0.654465853930391	0.603946228078647	0.625671118513755	0.535881811761396	0.605604030141793	0.503931448708115	0.35388160593182	0.445503951703273	0.381236024903019	0.464101935154544	0.371209791012684	0.560478743619539	0.357805375623361	0.467822638277753	0	0.498627840393098	0.401685846250357	0.583079915707452	0.583342496731286	0.696210045610745	0.69495330764855	0.730743483387215	0.732322195723222	0.711769418625435	0.708841482585842	0.701913511942952	0.735956077336892	0.680071633564964	0.717656866418539	0.737614196274862	0.763035482847167	0.700840909024587	0.691806399578321	0.669661520871445	0.655152786983946	0.591626585930165	0.645635747097684	0.805536593550962	0.689304730619486	0.715099054839877	0.741907302777215	0.6172397930464	0.638602606126976	0.529269189627564	0.525588756234587	0.726004675427811	0.502058588173143	0.775941971657359	0.558380650967509	0.695933376075253	0.532549775937271	0.6564208921266
DA	0.622822404309457	0.726372915892231	0.750255660903968	0.750320922173353	0.69354222434366	0.695839893487695	0.726607887650575	0.660321683725496	0.737061913448787	0.581250858840555	0.684882477968849	0.661604239391129	0.684553913758223	0.64435533035951	0.649001753582498	0.643079606570913	0.431261644192466	0.389504055837886	0.61609328889781	0.457832412348355	0.511063715504593	0.440625988400612	0.383328687838904	0.279902103838715	0.498627840393098	0	0.448718391213268	0.653196238798402	0.64827871468147	0.710902099673359	0.710315990346405	0.742227943358946	0.747043068096607	0.719464541713512	0.711170100318642	0.70739576344045	0.747499245306039	0.702039399000394	0.727926595169688	0.743684397614984	0.764141604197657	0.721573802624432	0.699076068163864	0.719418198352846	0.71323808970764	0.662968464201525	0.69004403473831	0.808906436071366	0.711895849011178	0.726511877213337	0.748496436802808	0.665258147394393	0.673610230336937	0.617141505156514	0.613255115093394	0.749536784962415	0.610680410603689	0.774909450454339	0.620351866997722	0.718373617862199	0.643841249195363	0.687550142417368
D8	0.618269985703751	0.68756018916302	0.714864593065765	0.713180456486202	0.655668215550344	0.655465909653584	0.698177415232483	0.588207594037137	0.715361239104398	0.603982066556747	0.63726261050807	0.588778058966818	0.616520089773867	0.635173371687141	0.631794349392882	0.652583069300638	0.411759291545588	0.355145585762656	0.601173525541797	0.347618810763689	0.487434281394333	0.42046892441158	0.320728380720309	0.469304956499582	0.401685846250357	0.448718391213268	0	0.545208334373503	0.580818448243151	0.681839155323091	0.680667217542716	0.719599110637804	0.72986705080112	0.701630287589271	0.697187523736643	0.69773420074277	0.732946249533335	0.698417923943131	0.723729328792674	0.729814154039967	0.758918418563322	0.686774932397333	0.67729421943456	0.657249084296231	0.640489886028601	0.618022205676867	0.622117903848245	0.807458721932569	0.683911211306357	0.71284869996181	0.738306898036435	0.617476428747351	0.625079083876003	0.597897896839736	0.587123790414788	0.72755035520959	0.631075345936166	0.775771554045897	0.581633499035311	0.704635861575001	0.691508440728001	0.668437702477822
DC	0.68128870670169	0.696025951029343	0.662097765957773	0.661220821416545	0.588150154685664	0.533195885802343	0.638974556666124	0.442792388613821	0.679192324937468	0.554688528918291	0.495941707205326	0.417814339214682	0.534766374778697	0.585388862423105	0.565171102068363	0.64870729956972	0.531999981769321	0.628392520897935	0.668458620725496	0.496508891329003	0.572295201801398	0.63806782459058	0.599534133999246	0.626058581105662	0.583079915707452	0.653196238798402	0.545208334373503	0	0.429538432873534	0.594014193004925	0.603234689495585	0.688378290504752	0.743011244791202	0.599640589948776	0.670726168341197	0.624402163008138	0.767936493732804	0.666394044822612	0.752716468914349	0.734315946101729	0.773463954906702	0.595590164219866	0.568187398318396	0.518914799692563	0.458196885651397	0.488770300829946	0.433425944491412	0.801375602264138	0.694422633480003	0.782580114064615	0.773235677078458	0.490302936260548	0.477792998653487	0.507447030025066	0.45845832075462	0.675136398931107	0.625991702267713	0.775639784940418	0.484733529588749	0.758109726355537	0.69731061515775	0.668782329899496
DD	0.698093945924882	0.715630633655237	0.683901376924367	0.684956980018471	0.633455159317191	0.601517860623657	0.662149125706585	0.556415116374989	0.692959963858173	0.61847521788985	0.607263079927129	0.551877349115021	0.589994523156969	0.61236861722868	0.63451499550373	0.659673789654146	0.572387961604229	0.646252795738974	0.658192757828501	0.56770502873768	0.585327591015772	0.662029844229763	0.604157707299798	0.605087401247808	0.583342496731286	0.64827871468147	0.580818448243151	0.429538432873534	0	0.656867469667573	0.645639586490233	0.717816887161158	0.744552624424795	0.650165746809346	0.691294627690519	0.66371561754342	0.768197017913381	0.688315492826128	0.749506668850151	0.734441691514624	0.770053369762491	0.647161251556435	0.624846614648095	0.621084906627215	0.581880079055926	0.553306275002623	0.520429986453549	0.789656742522661	0.703641493420671	0.76967814898373	0.76780106807125	0.560342742401411	0.554699643522457	0.552914041057538	0.513460547440862	0.693980472665895	0.624292073853091	0.759982303894552	0.570916209087566	0.748865527084155	0.682497210211613	0.67504557114078
ASTUR_7	0.721076886204	0.71502845316086	0.707981346325812	0.708504477778413	0.603718867538686	0.5757094131963	0.665102639193559	0.529344147650238	0.69151051820936	0.6195092034331	0.595605143797011	0.541323521951735	0.623180566781816	0.656699897874318	0.58324640580435	0.714821183912706	0.667298134449962	0.720644797516441	0.744000976823869	0.662725016204811	0.697247838514016	0.722915260027328	0.697990219557218	0.709752249267701	0.696210045610745	0.710902099673359	0.681839155323091	0.594014193004925	0.656867469667573	0	0.511430620927615	0.597486611011694	0.747827106412359	0.625701332502693	0.683630662642254	0.59726325151209	0.762593508398719	0.617357423270496	0.749152130783787	0.735840048169257	0.768973046620987	0.637544266605173	0.606656310777328	0.66154501077607	0.634120946146547	0.61083863067692	0.576597357775981	0.803770655592699	0.71806419317906	0.775325902802834	0.774077255833154	0.612582179651527	0.589675036227812	0.622609061934733	0.613334472151345	0.715573463285762	0.687541105214324	0.77920778926393	0.605467531258033	0.763722717716452	0.740537950465734	0.698370894475148
ASTUR_8	0.720700953122518	0.722692355594782	0.701947853269644	0.70816302652082	0.593961584059885	0.557979608271056	0.602031269450824	0.517471531641998	0.62752417581422	0.55038667007489	0.611510199266299	0.569998219789672	0.574483408818578	0.625229670288394	0.614156668036129	0.709014454393796	0.667178639411859	0.719526461710937	0.738998717340508	0.664881636609197	0.686449514320222	0.715961494289691	0.697660080960707	0.714308481966487	0.69495330764855	0.710315990346405	0.680667217542716	0.603234689495585	0.645639586490233	0.511430620927615	0	0.361682633807052	0.759566263894511	0.639157051498044	0.693247466958528	0.654735015827453	0.774240218125567	0.690373152300465	0.762191031047468	0.744433369053004	0.778190164768246	0.646673351191281	0.610157693801321	0.627826907308237	0.612402010828775	0.589933799359849	0.56447157283183	0.806111183038684	0.712706948566633	0.785420005714507	0.781714000447991	0.591053033600934	0.576438160786813	0.590853615335295	0.57771638331781	0.708241752918153	0.669573040045128	0.782086525849444	0.598421157632928	0.76855419612829	0.730857730863121	0.698769334144154
ASTUR_9	0.762573160398488	0.725079854060626	0.753769520811742	0.755031902142938	0.675356555701568	0.679787774776479	0.726146983300949	0.645702150489316	0.740452649488927	0.585543541480837	0.700372523972112	0.683734290441515	0.71275151295404	0.727304840116502	0.718519186987642	0.7556215665927	0.726138665155867	0.755391323534105	0.775424208179089	0.724328042608559	0.749835426718737	0.761670378552098	0.723121878364521	0.748869767285922	0.730743483387215	0.742227943358946	0.719599110637804	0.688378290504752	0.717816887161158	0.597486611011694	0.361682633807052	0	0.758302425544186	0.709844402026321	0.718975177468946	0.701272832516546	0.759282714672406	0.741666523291899	0.763171282599183	0.748072459646535	0.775962585378273	0.707634153988196	0.69877758551719	0.72602851331665	0.710523080428104	0.703074323059088	0.681682989773977	0.811408346462479	0.732889750511046	0.757159303435143	0.768325980388987	0.70589830502889	0.692464999914063	0.71515071964405	0.702148792705201	0.754481284469493	0.744263751035479	0.788945533734245	0.68636977321389	0.755735700863143	0.769348362468619	0.722239320986605
J1	0.772076783226173	0.710978971245347	0.7161734247089	0.713401282885887	0.730386178734751	0.748242729883862	0.764648517732142	0.739629223829894	0.771431286278075	0.743469000893286	0.759942958432345	0.746892639595708	0.757835481315396	0.763365616505398	0.758020143029075	0.777251509947266	0.753434144539807	0.741666702638493	0.776364895397201	0.752682897427406	0.763116893639906	0.772640092651015	0.728564582212646	0.731128402910537	0.732322195723222	0.747043068096607	0.72986705080112	0.743011244791202	0.744552624424795	0.747827106412359	0.759566263894511	0.758302425544186	0	0.64780630366675	0.537463478500032	0.624577110732959	0.504735698634494	0.687770802475305	0.47232016551176	0.391358412043179	0.556783911918487	0.702627810779529	0.639523983617667	0.769692457509867	0.766666632949846	0.760491754462219	0.749135450239814	0.813944992132192	0.570131665682654	0.599211734660828	0.647954910918735	0.742253103842442	0.730039065145953	0.756801317139493	0.751069900955166	0.783246314160773	0.767054611340062	0.724079018393355	0.731269344205004	0.602111105505965	0.781153712005412	0.597576248724115
J10	0.697869550034699	0.689901261434729	0.635966487608075	0.641809039043457	0.62567286597377	0.581704807941526	0.673732951749881	0.5936967904235	0.70021707911613	0.651358081525044	0.605535657530639	0.559578815060013	0.627652281696936	0.662462284394632	0.624549949416339	0.704073638688392	0.679437908871766	0.725980942301053	0.750206784923524	0.674932786314666	0.687438277954425	0.715362671700196	0.715412450757092	0.728500344296329	0.711769418625435	0.719464541713512	0.701630287589271	0.599640589948776	0.650165746809346	0.625701332502693	0.639157051498044	0.709844402026321	0.64780630366675	0	0.466489082886383	0.420254647432941	0.724049630630363	0.532476206870716	0.668854724523642	0.645116935513699	0.715693096334244	0.445780094473968	0.354884352987535	0.630222531861277	0.613479616141469	0.607722360263327	0.554204028543705	0.781838028621688	0.656805682688591	0.780815076498199	0.760595753352871	0.604448564916284	0.5756518595454	0.619176022768322	0.597942888771281	0.712628380400097	0.691851633996087	0.71514140028965	0.620962081890449	0.750836481420669	0.745743235216486	0.665242193401983
J11	0.722164118254228	0.642942875292074	0.611372803682861	0.611155230761373	0.659637327693732	0.660450451029869	0.704525245258054	0.652261181289045	0.717167396778255	0.682195835731705	0.688687978965539	0.661245622250185	0.682527036224654	0.701812346043322	0.697210866089877	0.742048375368479	0.699239210748686	0.729797130166038	0.758438805188662	0.704200936625297	0.719432484848726	0.740315730248075	0.70066847484311	0.721743451968376	0.708841482585842	0.711170100318642	0.697187523736643	0.670726168341197	0.691294627690519	0.683630662642254	0.693247466958528	0.718975177468946	0.537463478500032	0.466489082886383	0	0.529873221163507	0.66675309958823	0.630842938679269	0.607173426210325	0.559090720694299	0.655102573008839	0.531761550487285	0.486266582530812	0.70457981558555	0.691943319587337	0.690044756181846	0.655504897198386	0.809585180582464	0.558098350800881	0.685843230882113	0.698133336868122	0.679678208435843	0.667036947913119	0.687448932732694	0.679442713628035	0.74447688217538	0.731678774821197	0.711597500258141	0.673409169068291	0.670446495637313	0.763187267755593	0.608236811009431
J2	0.711024005825014	0.699842002743813	0.667838687935856	0.671234234463258	0.633571158985228	0.606567021814194	0.678068443371971	0.618398512212881	0.696995696752729	0.651371475687288	0.605513080583321	0.581647993036393	0.637841732813321	0.654048706907014	0.606140168175979	0.698566814219314	0.671861063521472	0.721327744038771	0.735014557636025	0.677194739437616	0.682396313472927	0.717095875134609	0.706548304948937	0.71293503603607	0.701913511942952	0.70739576344045	0.69773420074277	0.624402163008138	0.66371561754342	0.59726325151209	0.654735015827453	0.701272832516546	0.624577110732959	0.420254647432941	0.529873221163507	0	0.689188619794546	0.46834810352927	0.637695763604479	0.621463843218897	0.68104560193561	0.538473111032845	0.445624911814235	0.650444890919088	0.642681320494934	0.641517429406828	0.605008252478247	0.772570716426988	0.658111172891529	0.752087654805609	0.732348406886974	0.632285277058876	0.615081470481182	0.639043313717191	0.634226297524568	0.712841014039864	0.6976506031092	0.710832774580462	0.638008119506259	0.725149097878541	0.733833297253205	0.65926652897756
